ID вопроса,Вопрос,Ответы на вопрос
1,Как просрочка по «беспроцентному» займу скажется на переплате/ПСК?,"Просрочка по «беспроцентному» займу может привести к следующим последствиям:

1. **Начисление неустойки (штрафа, пени)** – размер штрафов за просрочку прописан в договоре. Например, за каждый день задержки может начисляться 0,1% от суммы просроченного платежа. Если заем был выдан на специальных условиях (до 10 000 ₽ на срок до 15 дней), то неустойка не может превышать 20% годовых.

2. **Увеличение полной стоимости кредита (ПСК)** – если заемщик не успевает вернуть долг вовремя, банк или МФО могут начислить дополнительные проценты, что приведет к росту итоговой переплаты.

3. **Ограничение по максимальной переплате** – для займов до года общая сумма переплаты (проценты + неустойка + дополнительные услуги) не может превышать 1,3 раза от суммы займа. Например, если вы взяли 20 000 ₽, максимальная переплата составит 26 000 ₽.

4. **Влияние на кредитную историю** – просрочка отразится в вашей кредитной истории, что усложнит получение кредитов или займов в будущем.

Если заем был оформлен на специальных условиях (например, «до зарплаты» до 10 000 ₽ на 15 дней), то при просрочке начисляется неустойка, но общая сумма процентов и дополнительных платежей (без учета штрафов) не должна превышать 15% от суммы займа.

Рекомендуется заранее уточнять условия договора и, при необходимости, обращаться в МФО для продления срока займа, чтобы избежать негативных последствий."
2,"Как действовать вкладчику при отзыве лицензии, учитывая лимит безопасной суммы?","При отзыве лицензии у банка вкладчику следует действовать следующим образом:

1. **Проверьте право на страховую выплату**:
   - Все счета и вклады в одном банке суммируются, и вы получите компенсацию в пределах **1,4 млн рублей** (включая проценты).
   - Если сумма превышает этот лимит, остаток средств можно будет вернуть только после завершения процедуры банкротства банка, когда Агентство по страхованию вкладов (АСВ) распродаст его активы.

2. **Подайте заявление на выплату**:
   - Обратитесь в АСВ или банк, где был открыт вклад, для получения компенсации. В заявлении укажите все свои счета и вклады в этом банке.
   - Если сумма превышает 1,4 млн рублей, в заявлении можно потребовать полного возврата средств, но выплату остатка получите только после завершения банкротства.

3. **Следите за процедурой банкротства**:
   - Если банк ликвидируется, АСВ будет представлять ваши интересы. Подтверждать право требования по остаткам вкладов не нужно.
   - В случае введения моратория на удовлетворение требований кредиторов вы сможете получить остаток вклада после его снятия.

4. **Размещайте крупные суммы в разных банках**:
   - Чтобы минимизировать риски, храните деньги в нескольких банках, чтобы каждая сумма не превышала 1,4 млн рублей.

5. **Проверьте банк перед открытием вклада**:
   - Убедитесь, что банк входит в систему страхования вкладов (ССВ) и имеет лицензию. Это можно сделать на сайте Банка России.

Если у вас остались вопросы, обратитесь в АСВ по телефону горячей линии: **8 800 200-08-05**."
3,Как действовать при оспаривании незаконной продажи долга с учетом установленных сроков ответа на претензии?,"Если вы считаете, что ваш долг был продан с нарушениями, действуйте следующим образом:

1. **Подайте претензию** в организацию, у которой вы брали кредит или заем. Это можно сделать в офисе компании, через обычную или электронную почту. Кредитор обязан ответить на вашу претензию в течение **15 рабочих дней**. Если ему понадобятся дополнительные документы, срок увеличивается до **25 рабочих дней**.

2. **Если кредитор не ответил** в установленный срок или его ответ вас не устроил, обратитесь в **Банк России** с жалобой. Это можно сделать через официальный сайт или лично.

3. **Если долг был продан без вашего согласия**, вы имеете право **отказаться от общения с новым кредитором** и продолжать взаимодействовать только с прежним. Для этого также подается претензия, и если кредитор не реагирует, можно обратиться в регуляторные органы.

4. **Если новый кредитор насчитал вам больше, чем положено**, подайте ему претензию. Если в течение **30 дней** не получили ответа или он вас не устроил, обратитесь к **финансовому омбудсмену**. Его решения имеют силу судебных постановлений.

Если долг перешел к **непрофессиональному кредитору** (коллекторам, частным лицам), и они требуют сумму, превышающую первоначальный долг, оспорить его можно только через **суд**. Судьи обычно снижают задолженность до разумных пределов, ориентируясь на условия кредитного договора.

Если кредитор нарушает сроки ответа на претензию, вы можете жаловаться в **Роспотребнадзор, ФАС, ФССП** или другие государственные органы, в зависимости от ситуации."
4,Как изменился лимит социального вычета на спорт по сравнению с 2022 годом?,"В 2022 году максимальная сумма расходов на спорт, с которой можно было получить налоговый вычет, составляла 120 000 рублей в год. Это позволяло вернуть до 15 600 рублей (13% от 120 000 рублей).

С 2024 года лимит социального вычета на спорт и другие социальные расходы (лечение, обучение) увеличился до 150 000 рублей в год. Таким образом, максимальная сумма возврата за спорт теперь составляет 19 500 рублей (13% от 150 000 рублей).

Однако важно учитывать, что лимит действует для всех социальных расходов в сумме, а не для каждого вида отдельно."
5,Чем отличаются сроки обращения за наследством по закону от сроков для налогового имущественного вычета?,"Сроки обращения за наследством и сроки для налогового имущественного вычета различаются по следующим параметрам:

1. **Сроки для наследства**:
   - **6 месяцев** со дня смерти наследодателя. В течение этого периода необходимо подать заявление нотариусу, чтобы заявить о своих правах на наследство. Если срок пропущен, имущество может перейти государству или другим наследникам.

2. **Сроки для налогового имущественного вычета**:
   - **3 года** с момента возникновения права на вычет (например, покупки жилья или продажи имущества). Однако для имущественных вычетов (например, при покупке жилья) можно оформить возврат в любое время, но вернуть удастся только НДФЛ, уплаченный за последние три года.
   - Для вычета при продаже имущества (например, квартиры) можно уменьшить налогооблагаемую базу на 1 млн рублей (или 250 тыс. рублей для нежилой недвижимости и движимого имущества), но только в рамках сделок, совершенных в текущем году.

Таким образом, сроки для наследства строго ограничены (6 месяцев), тогда как для налоговых вычетов действует более гибкое правило (3 года), но с ограничениями по сумме и периоду уплаченного налога."
6,Почему при высокой долговой нагрузке банк может отказать в новом кредите?,"Банк может отказать в новом кредите при высокой долговой нагрузке (ПДН) по нескольким причинам:

1. **Высокий риск невозврата**. Если ПДН превышает 50%, у заемщика остается мало средств на текущие расходы, и даже небольшие финансовые трудности (например, задержка зарплаты) могут привести к просрочкам. При ПДН выше 80% банки считают, что заемщик уже перегружен долгами, и отказывают в кредите.

2. **Правила регулятора**. В некоторых случаях банкам запрещено выдавать кредиты или увеличивать лимиты по картам, если ПДН клиента превышает 80%.

3. **Оценка платежеспособности**. Банки стремятся минимизировать риски, и высокий ПДН сигнализирует о том, что заемщик не сможет выплачивать новые долги.

Если ПДН слишком высокий, банк может предложить меньшую сумму кредита или вовсе отказать в его выдаче."
7,Что сделать первым делом при обнаружении мошеннического списания с карты?,"При обнаружении мошеннического списания с карты первым делом необходимо:

1. **Немедленно заблокировать карту**, чтобы предотвратить дальнейшие операции. Это можно сделать:
   - Позвонив в банк по номеру на обороте карты или на сайте банка.
   - Через интернет-банк или мобильное приложение банка.
   - Отправив SMS-код на короткий номер банка (если такая услуга доступна).

2. **Сообщить банку о мошеннической операции** и запросить выписку по счету.

3. **Написать заявление о несогласии с операцией** в отделении банка. Сохраните экземпляр заявления с отметкой банка о приеме.

4. **Обратиться в полицию** с заявлением о хищении.

Если вы соблюдали меры безопасности (не передавали ПИН-код, коды из СМС и т. д.), у вас есть шанс вернуть деньги. Банк рассмотрит ваше заявление в течение 30–60 дней."
8,"Куда обращаться, если заемные деньги ушли мошенникам?","Если заемные деньги ушли мошенникам, действуйте следующим образом:

1. **Обратитесь в банк или МФО**, где был оформлен заем. Напишите заявление, что вы не заключали договор и не получали деньги. Укажите, что подпись подделана или идентификация проведена не вами. Приложите копию справки из полиции, если паспорт был украден.

2. **Подайте заявление в полицию** и прокуратуру. Приложите доказательства: договор, выписки по счету, скриншоты переписки, чеки. Это поможет в расследовании.

3. **Обратитесь в Банк России** через интернет-приемную. Приложите документы, подтверждающие перевод денег. Банк России проведет расследование и передаст информацию в правоохранительные органы.

4. **Подайте иск в суд** с требованием взыскать убытки, проценты и компенсацию морального вреда.

5. **Найдите других пострадавших** и подавайте коллективный иск. Обратитесь к квалифицированному адвокату, проверяя его статус в реестре Министерства юстиции.

6. **Разгласите информацию** в соцсетях и СМИ, чтобы предупредить других.

Если организация, которой вы перевели деньги, еще существует, можно подать на нее в суд."
9,Как с помощью госгарантий повысить шанс одобрения и какую долю кредита они покрывают?,"Государственные гарантии (от Корпорации МСП или региональных гарантийных организаций — РГО) повышают шансы на одобрение кредита, так как они гарантируют банку частичное погашение долга, если заемщик не сможет его выплатить.

**Доля покрытия кредита:**
- **Корпорация МСП** покрывает до **50%** суммы кредита (максимальный размер поручительства — **1 млрд рублей**).
- **Региональные гарантийные организации (РГО)** могут покрывать до **70%** кредита (максимальная сумма поручительства — **25 млн рублей**, в некоторых регионах — до **100 млн рублей**).
- При **совместном использовании гарантий Корпорации МСП и РГО** общая доля покрытия может достигать **70–90%** от размера кредита.

**Условия:**
- Гарантии доступны малым и средним предприятиям, а также самозанятым.
- Кредиты можно использовать на инвестиции, пополнение оборотных средств, развитие бизнеса или рефинансирование.
- Поручительство Корпорации МСП бесплатно для заемщика, а услуги РГО платные (0,5–3% годовых).

Для получения гарантии нужно обратиться в банк-партнер Корпорации МСП или напрямую в РГО."
10,Почему вклад безопаснее инвестиций в ценные бумаги?,"Вклад безопаснее инвестиций в ценные бумаги по нескольким ключевым причинам:

1. **Государственная страховка вкладов** – сумма до 1,4 млн рублей в одном банке защищена государством. Даже если банк обанкротится, вкладчик получит свои деньги в течение нескольких недель.

2. **Предсказуемость доходности** – проценты по вкладу известны заранее, и они гарантированы банком. В отличие от ценных бумаг, где доходность не гарантирована и может быть даже отрицательной.

3. **Отсутствие рыночных рисков** – на бирже стоимость ценных бумаг может резко упасть, а в случае банкротства компании инвестор рискует потерять все вложения. Вклад же не зависит от колебаний рынка.

4. **Доступность и простота** – вклад не требует глубоких знаний о финансовых инструментах, в отличие от инвестиций, где нужно анализировать рынок, компании и экономические факторы.

5. **Отсутствие риска досрочного расторжения** – в отличие от некоторых структурных продуктов, где досрочный выход может привести к потере части средств, вклад можно закрыть в любой момент (хотя с возможной потерей процентов).

Таким образом, вклад – это более надежный и стабильный способ сохранения средств, особенно для тех, кто не готов рисковать своими сбережениями."
11,"Каковы сроки блокировки перевода, а также решения финомбудсмена?","В предоставленной базе знаний нет информации о сроках блокировки перевода. Однако есть данные о сроках рассмотрения заявлений финансовым омбудсменом:

- **Обычные споры** (кроме пенсионных накоплений) — **15 рабочих дней**.
- **Споры о переводе пенсионных накоплений** — **20 рабочих дней**.
- **Если заявление подает посредник** — **30 рабочих дней**.

Решение вступает в силу **через 10 дней** после подписания. Если финансовая организация не выполнит его в установленный срок (обычно **10–30 дней**), можно обратиться к омбудсмену повторно, и он направит дело судебным приставам.

Если вам нужны детали по блокировке переводов, уточните вопрос или обратитесь в банк или финансовую организацию."
12,Почему иностранные депозитарные расписки и многие ETF могут быть заблокированы и кому они доступны?,"Иностранные депозитарные расписки (ДР) и многие ETF могут быть заблокированы из-за санкций, введенных против российских бирж и депозитариев. Это связано с тем, что такие активы часто создаются компаниями из недружественных стран, и их обращение на российских биржах ограничено.

### Доступность для инвесторов:
1. **Неквалифицированные инвесторы (неквалифицированные инвесторы, неквалифицированные инвесторы)**:
   - Могут вкладываться в ETF, которые **не связаны с недружественными странами** и соблюдают определенные условия.
   - На российских биржах пока нет таких ETF из дружественных стран, поэтому доступ к ним ограничен.

2. **Квалифицированные инвесторы**:
   - Могут покупать иностранные ETF, торгующиеся на российских биржах, но с высоким риском блокировки из-за санкций.

3. **Через зарубежные биржи**:
   - Возможно покупка ETF на зарубежных биржах, но это связано с рисками блокировки и необходимостью открытия отдельного счета (ИИС не подходит).

4. **Через иностранных брокеров или управляющих**:
   - Возможность есть, но в случае нарушения прав инвестору придется судиться за пределами России.

### Причины блокировки:
- Санкции против российских бирж и депозитариев.
- Ограничения на обращение активов, связанных с недружественными странами.
- Отказ иностранных депозитариев от проведения операций с российскими инвесторами.

Если у вас есть заблокированные ДР или ETF, можно попробовать продать их на аукционе, который планируется в июле 2024 года, или дождаться восстановления связей между российскими и зарубежными депозитариями."
13,Какие приемы помогут сократить импульсные покупки?,"Вот несколько проверенных приемов, которые помогут сократить импульсные покупки:

1. **Используйте опцию «отложить»**
   Перед покупкой возьмите товар, потрогайте, примерьте, но не покупайте сразу. Уйдите домой или на работу и подумайте, действительно ли вам это нужно. Часто через несколько часов или дней желание купить ненужную вещь пропадает.

2. **Составляйте списки покупок**
   Перед походом в магазин заранее записывайте, что вам действительно необходимо. Это поможет избежать спонтанных покупок и, например, не выбросить испортившиеся продукты.

3. **Не ходите за покупками на голодный желудок**
   Голод может подтолкнуть к покупке лишних продуктов. Лучше заранее перекусить перед походом в магазин.

4. **Проводите ревизию гардероба перед покупкой одежды**
   Перед тем как купить новую вещь, соберите готовые комплекты из того, что уже есть. Так вы поймете, что вам действительно нужно, и не купите лишнее.

5. **Не берите корзинку или тележку, если покупаете немного**
   Если вы зашли в магазин всего за парой товаров, возьмите их в руки. Это снизит соблазн купить что-то лишнее.

6. **Не поддавайтесь ажиотажу**
   Даже если товар на распродаже или в дефиците, не спешите его покупать. Возможно, вы найдете аналогичный товар в другом месте или подождете новую поставку.

7. **Не оплачивайте крупные покупки сразу**
   Если вы видите что-то дорогое, добавьте его в корзину, но не оформляйте заказ сразу. Подождите день-два — возможно, через время покупка покажется вам не такой необходимой.

8. **Не ленитесь смотреть на нижние или верхние полки**
   Часто товары по более выгодной цене размещают не на уровне глаз, а выше или ниже.

9. **Не поддавайтесь рекламе и скидкам**
   Перед покупкой подумайте, действительно ли вам нужен этот товар, или вы покупаете его только из-за скидки.

10. **Ведите учет доходов и расходов**
   Контроль трат поможет понять, на что уходят деньги, и избегать импульсивных покупок.

Эти простые приемы помогут вам тратить деньги осознанно и избегать ненужных трат."
14,Чем отличаются госгарантии по деньгам на эскроу от гарантий по накоплениям в НПФ?,"Госгарантии по деньгам на эскроу и накоплениям в НПФ различаются по механизму защиты и условиям компенсации.

1. **Эскроу-счета**:
   - Защищены государственной системой страхования вкладов (до 10 млн рублей).
   - В случае отзыва лицензии у банка средства возвращаются в течение нескольких недель.
   - Деньги на эскроу не приносят дохода, так как банк просто хранит их.

2. **Накопления в НПФ**:
   - Застрахованы, но с ограничениями:
     - Если НПФ обанкротится, Агентство по страхованию вкладов (АСВ) компенсирует накопления, но не более 2,8 млн рублей.
     - Инвестиционный доход также защищён, но только в пределах этой суммы.
   - Если уже начата выплата пенсии, государство гарантирует её продолжение в размере не более четырёх социальных пенсий по старости.
   - В случае убытков от инвестиций НПФ обязан их компенсировать в момент фиксации (не реже раза в 5 лет).

Таким образом, эскроу-счета обеспечивают более быструю и гарантированную защиту, но без дохода, тогда как НПФ предлагают потенциальную доходность, но с ограниченной страховкой."
15,Как распознать мошенников при возврате денег за отмененный рейс?,"Мошенники часто используют отмененные рейсы как повод для обмана. Вот как их распознать:

1. **Неожиданные звонки или сообщения** – мошенники могут представляться сотрудниками авиакомпании и предлагать помощь в возврате денег. Обычно они звонят с номера, начинающегося с 800, или пишут через мессенджеры, а не через официальные каналы связи.

2. **Требование перевода денег** – злоумышленники могут просить перевести деньги на «безопасный счет» или оплатить дополнительные комиссии, якобы связанные с возвратом.

3. **Давление и спешка** – мошенники торопят вас, чтобы вы не успели проверить информацию.

4. **Поддельные сайты и контакты** – они могут использовать сайты, похожие на официальные, или предлагать связаться по неофициальным номерам.

**Как действовать?**
- Оформляйте возврат только через официальные каналы: личный кабинет на сайте авиакомпании или горячую линию.
- Не переводите деньги на сторонние реквизиты.
- Проверяйте информацию на сайте авиакомпании или у официальных представителей.

Если вам предложили вернуть деньги через нестандартные способы – это верный признак мошенничества."
16,Какие документы подойдут для подтверждения дохода при заявке на кредит?,"Для подтверждения дохода при заявке на кредит можно использовать следующие документы:

1. **Справка об официальном доходе** – можно получить на работе или через Госуслуги.
2. **Выписка с банковского счета** – должна отражать регулярные поступления денег.
3. **Договор подряда (ГПХ)** – если вы работаете внештатно.
4. **Договор аренды** – с указанием ежемесячной платы, если сдаете недвижимость.
5. **Свидетельства о праве собственности** на квартиру, машину или другие активы.
6. **Книга учета доходов и расходов** – для индивидуальных предпринимателей.
7. **Налоговые декларации** – для ИП или самозанятых.
8. **Квитанции об уплате налогов** – для подтверждения доходов.
9. **Справка о доходах самозанятого** – из приложения «Мой налог».

Также можно разрешить кредитору запросить данные из цифрового профиля на Госуслугах, чтобы получить официальную информацию из налоговой службы.

Если у вас нет официальных подтверждений дохода, но есть другие доказательства платежеспособности (например, выписки с банковского счета), их тоже можно предоставить."
17,Зачем частному клиенту следить за рейтингом страховщика на фоне возможной приостановки лицензии?,"Частному клиенту важно следить за рейтингом страховщика и его лицензией, чтобы минимизировать риски. Вот основные причины:

1. **Финансовая стабильность компании** – Если страховщик имеет низкий рейтинг или его лицензия приостановлена, это может указывать на нестабильное финансовое положение. В таком случае компания может не выполнить свои обязательства при наступлении страхового случая.

2. **Ограничение или приостановка лицензии** – Если лицензия приостановлена, страховая компания не может заключать новые договоры, но обязана выполнять обязательства по уже действующим полисам. Однако, если положение компании не улучшится, лицензию могут отозвать, что приведет к банкротству и потере клиентами страховой защиты.

3. **Риск потери выплат** – При отзыве лицензии компания может быть ликвидирована, и клиенты останутся без защиты. Выплаты по обязательным видам страхования (например, ОСАГО) могут быть компенсированы через специальные фонды, но это не гарантирует полного возмещения ущерба.

4. **Сложности с возмещением ущерба** – Даже если компания продолжает работать при приостановленной лицензии, ее финансовое состояние может ухудшаться, что повышает риски для клиентов.

Таким образом, следить за рейтингом и лицензией страховщика помогает выбрать надежного партнера и избежать проблем с выплатами в будущем."
18,Чем для вкладчика отличается санация от отзыва лицензии?,"Для вкладчика санация и отзыв лицензии банка различаются по последствиям и процедурам:

1. **Санация**:
   - Банк продолжает работать, но под контролем Банка России.
   - Вкладчики не теряют доступ к своим средствам, условия договоров остаются прежними.
   - Банк получает финансовую поддержку, чтобы восстановить стабильность.
   - Вклады до 1,4 млн рублей застрахованы, но в случае санации компенсации обычно не требуются, так как банк продолжает функционировать.

2. **Отзыв лицензии**:
   - Банк прекращает работу, управление переходит к Агентству по страхованию вкладов (АСВ).
   - Вкладчики могут получить компенсацию до 1,4 млн рублей (если банк не выплатил средства самостоятельно).
   - Договоры с банком расторгаются, а новые операции становятся невозможны.
   - Процесс возврата средств может занять время, но гарантирован страховкой.

Таким образом, санация — это попытка спасти банк, а отзыв лицензии — крайняя мера, когда банк уже не подлежит восстановлению."
19,Какие лимиты действуют на выплаты клиентам МФО по сравнению с гарантиями для клиентов НПФ?,"Вот сравнение лимитов выплат клиентам МФО и гарантий для клиентов НПФ:

### **МФО (микрофинансовые организации)**
1. **Лимиты займов**:
   - **МФК (микрофинансовые компании)**: до 1 млн рублей.
   - **МКК (микрокредитные компании), ИП и юрлица**: до 500 000 рублей.
   - **Инвестиции**: от 1,5 млн рублей, только в МФК.

2. **Выплаты при банкротстве МФО**:
   - Инвесторы (не учредители) получают **не более 3 млн рублей** — только сумму вложений без процентов.
   - Если инвестиции больше, оставшаяся часть выплачивается после расчетов с сотрудниками.
   - **Государство не страхует инвестиции в МФО** — любые обещания страховки являются обманом.

### **НПФ (негосударственные пенсионные фонды)**
1. **Гарантии государства**:
   - **Сбережения застрахованы** до **2,8 млн рублей** (включая взносы и инвестиционный доход).
   - Если НПФ обанкротится, АСВ выплатит компенсацию.

2. **Выплаты при банкротстве НПФ**:
   - Если клиент **еще копит**, АСВ вернет взносы и доход (но не более 2,8 млн рублей).
   - Если клиент **уже получает пенсию**, выплаты продолжатся, но не превысят **четырех социальных пенсий по старости**.

### **Вывод**
- **МФО**: строгие лимиты на займы и инвестиции, **нет государственной страховки** для инвесторов.
- **НПФ**: гарантированная защита до 2,8 млн рублей, но с ограничениями на выплаты при банкротстве."
20,Какие банковские инструменты подходят для безопасных расчетов и для возврата денег при споре?,"Для безопасных расчетов и возврата денег при споре подходят следующие банковские инструменты:

1. **Аккредитив** – банк гарантирует, что продавец получит деньги только после выполнения условий сделки (например, поставки товара). Это защищает обе стороны, особенно при крупных сделках. Аккредитивы оформляются на бумаге, но в будущем могут перейти в цифровой формат.

2. **Счет эскроу** – деньги хранятся на специальном счете до выполнения условий сделки. Банк следит за тем, чтобы средства были переданы только при соблюдении договоренностей. Это надежный способ, особенно при покупке недвижимости или других ценных активов.

3. **Банковская ячейка** – деньги хранятся в сейфе банка, и их передача происходит только после подтверждения выполнения условий сделки. Это также безопасный вариант, но менее удобный, чем эскроу, так как требует физического доступа.

4. **Чарджбэк** – процедура возврата денег при спорных операциях (например, если товар не доставлен или услуга не оказана). Банк может инициировать возврат, если клиент предоставит доказательства мошенничества или нарушения условий сделки.

Для возврата денег при споре важно:
- Обратиться в банк с заявлением и доказательствами (чеки, переписка, фото).
- Уложиться в сроки, установленные банком или платежной системой.
- Уточнить, поддерживает ли ваш банк процедуру чарджбэка.

Если в контексте нет информации по конкретному инструменту, уточните детали у своего банка."
21,Как безопасно настроить автоплатеж?,"Чтобы безопасно настроить автоплатеж, следуйте этим рекомендациям:

1. **Изучите условия автоплатежа**
   Проверьте, есть ли комиссии за услугу, и уточните, как банк или компания будет уведомлять вас о сбоях (например, через SMS или email).

2. **Настройте дату с запасом**
   Учитывайте, что перевод может занять 2–3 дня, а при сбоях — больше. Назначайте платежи заранее.

3. **Используйте отдельную карту или счет**
   Для автоплатежей лучше использовать дебетовую или предоплаченную карту, а не кредитную. Это снизит риски при сбоях или мошенничестве.

4. **Контролируйте платежи**
   Регулярно проверяйте личный кабинет банка или компании, чтобы убедиться, что платежи проходят корректно.

5. **Обновляйте реквизиты**
   Если данные получателя изменятся, своевременно вносите правки.

6. **Настраивайте через проверенные каналы**
   Используйте мобильное приложение банка, личный кабинет на сайте или терминалы. Не передавайте реквизиты карты на подозрительных сайтах.

7. **Выбирайте безопасные способы**
   Для подписок и регулярных платежей удобно использовать систему быстрых платежей (СБП), которая не требует ввода данных карты.

8. **Следите за уведомлениями**
   Некоторые сервисы отправляют напоминания перед списанием, что помогает избежать неожиданных задержек.

Если автоплатеж прошел с ошибкой, обратитесь в банк или компанию для возврата средств."
22,Как мошенники крадут реквизиты при оплате онлайн?,"Мошенники крадут реквизиты банковских карт при онлайн-оплате через фишинговые схемы и поддельные сайты. Вот основные способы:

1. **Фишинговые ссылки** – злоумышленники отправляют жертве ссылку на поддельный сайт, имитирующий платежную страницу или сервис доставки. Если пользователь вводит там данные карты (номер, срок действия, CVV-код, имя владельца), мошенники получают доступ к его счетам.

2. **Перевод переписки в сторонние мессенджеры** – мошенники убеждают жертву обсудить детали сделки или оплату вне защищенного чата сервиса объявлений. Затем они просят ввести реквизиты карты для перевода, якобы для подтверждения платежа.

3. **Поддельные приложения** – злоумышленники распространяют вредоносные программы, которые крадут данные карт, логины и пароли, а также перехватывают SMS с кодами подтверждения.

4. **Социальная инженерия** – мошенники могут выдать себя за знакомых, сотрудников банка или продавцов, чтобы выманить у жертвы конфиденциальную информацию.

**Как защититься:**
- Не переходите по подозрительным ссылкам, особенно из сообщений незнакомцев.
- Проверяйте адреса сайтов перед вводом данных.
- Используйте защищенные платежные системы, например, «безопасную сделку» на крупных платформах.
- Не сообщайте реквизиты карты и коды из SMS третьим лицам.
- Для онлайн-покупок используйте отдельную карту с ограниченной суммой."
23,"Чем отличаются ОСАГО, каско, ДСАГО по выплатам?","Вот основные отличия между ОСАГО, каско и ДСАГО по выплатам:

1. **ОСАГО (Обязательное страхование автогражданской ответственности)**
   - **Кому выплачивают?** Пострадавшим в ДТП (владельцам поврежденного имущества или пострадавшим в аварии).
   - **Сумма выплат:** Максимальная выплата по ОСАГО — **400 000 рублей** (может снижаться до 200 000 или 100 000 рублей в зависимости от обстоятельств).
   - **Что покрывает?** Ущерб, нанесенный виновником ДТП чужому имуществу или здоровью. Ремонт собственного автомобиля по ОСАГО не оплачивается.

2. **Каско (Комплексное автострахование)**
   - **Кому выплачивают?** Владельцу застрахованного автомобиля, даже если он сам виновник ДТП.
   - **Сумма выплат:** Зависит от условий договора (обычно покрывает полную стоимость ремонта или угона).
   - **Что покрывает?** Ущерб собственному автомобилю (повреждения, угон, стихийные бедствия и т. д.).

3. **ДСАГО (Добровольное страхование автогражданской ответственности)**
   - **Кому выплачивают?** Пострадавшим, если сумма ущерба превышает лимит ОСАГО.
   - **Сумма выплат:** Выбирается самостоятельно (до **30 млн рублей**).
   - **Что покрывает?** Дополнительный ущерб, который не покрыл ОСАГО.

### Кратко:
- **ОСАГО** — защищает пострадавших, но не владельца виновного авто.
- **Каско** — защищает самого владельца, даже если он виновник.
- **ДСАГО** — дополняет ОСАГО, если ущерб превышает его лимит."
24,Какие базовые меры кибербезопасности соблюдать при онлайн‑оплате услуг?,"При онлайн-оплате услуг важно соблюдать следующие базовые меры кибербезопасности:

1. **Проверяйте сайты перед оплатой**
   - Убедитесь, что сайт начинается с **https://** и в адресной строке есть значок закрытого замка.
   - Сравнивайте адреса с официальными, чтобы избежать фишинговых страниц.
   - Сохраняйте проверенные сайты в закладках.

2. **Используйте защищенные платежные системы**
   - Оплата через **MasterCard SecureCode, Visa Secure или Mir Accept** (технология 3D-Secure) добавляет дополнительный уровень безопасности.
   - Вводите код подтверждения из СМС только на официальных страницах банка.

3. **Не раскрывайте личные данные**
   - Никогда не сообщайте реквизиты карты, коды из СМС или персональные данные посторонним.
   - Не переходите по ссылкам или QR-кодам от незнакомых отправителей.

4. **Используйте отдельную карту для онлайн-покупок**
   - Заведите дебетовую карту специально для интернет-платежей и пополняйте её только на нужную сумму.
   - Некоторые банки предлагают **виртуальные карты** для однократных покупок.

5. **Подключите уведомления об операциях**
   - Включите **СМС-оповещения или push-уведомления**, чтобы сразу заметить подозрительные транзакции.

6. **Избегайте мошеннических схем**
   - Не переходите в сторонние мессенджеры или чаты для оплаты.
   - Используйте платежные сервисы проверенных маркетплейсов.

Следуя этим правилам, вы снизите риски мошенничества при онлайн-оплате."
25,Зачем и в каких случаях инвесторам нужно проходить тестирование перед сделками с облигациями и при маржинальной торговле?,"Тестирование перед сделками с облигациями и при маржинальной торговле проводится для защиты инвесторов от высоких рисков, связанных с этими инструментами.

1. **Тестирование перед покупкой облигаций**:
   - Требуется для приобретения облигаций с низким кредитным рейтингом, структурных облигаций или облигаций со структурным доходом.
   - Проверяет знание особенностей и рисков этих инструментов, например, определение кредитного рейтинга, ликвидность облигаций или расчет выплат.
   - Даже квалифицированные инвесторы могут быть обязаны проходить тестирование, если сумма сделки меньше 12 млн рублей.

2. **Тестирование перед маржинальной торговлей**:
   - Обязательно для начинающих инвесторов, так как маржинальные сделки связаны с высокими рисками.
   - Проверяет понимание механизмов маржинальной торговли, прав брокера на взимание комиссий, возможных убытков и условий принудительного закрытия позиций.
   - Даже если тест не сдан, брокер может разрешить сделки на сумму до 100 000 рублей с предупреждением о рисках.

В обоих случаях тестирование проводится один раз у одного брокера, но при смене посредника его нужно проходить заново."
26,Можно ли продать ипотечную квартиру при разводе без суда?,"Да, продать ипотечную квартиру при разводе можно и без суда, но при соблюдении определенных условий.

1. **Согласие банка** – так как квартира находится в залоге, любые сделки с ней требуют разрешения кредитора. Банк должен согласиться на продажу и переоформление кредита.

2. **Соглашение между супругами** – если супруги договорились о разделе имущества и долга, они могут заключить нотариальное соглашение о разделе ипотечной квартиры. В этом случае продажа возможна без обращения в суд.

3. **Отсутствие материнского капитала** – если при покупке квартиры не использовался материнский капитал, продажа возможна после согласования с банком. Если же маткапитал был задействован, продать квартиру до полного погашения ипотеки и выделения долей детям не получится.

4. **Переоформление кредита** – если один из супругов готов взять на себя весь долг, можно переоформить ипотеку на него, а затем продать квартиру.

Если супруги не могут договориться или банк не соглашается на продажу, придется обращаться в суд."
27,Как изменится доступ неквалифицированного инвестора к иностранным акциям на российских биржах с 2025 года?,"С 1 января 2025 года доступ неквалифицированных инвесторов к иностранным акциям на российских биржах будет ограничен. Они смогут покупать только бумаги компаний из стран ЕАЭС. Акции иностранных эмитентов из других стран станут недоступны для неквалифицированных инвесторов.

Кроме того, из-за риска блокировки зарубежных активов на счетах россиян уже сейчас многие брокеры ввели ограничения: неквалифицированные инвесторы могут только продавать, но не покупать иностранные акции."
28,Зачем добавлять золото в портфель в период нестабильности рынка?,"Золото добавляют в инвестиционный портфель в период нестабильности рынка по нескольким причинам:

1. **Защита от потерь**: Во время экономических спадов, когда акции, облигации и другие активы дешевеют, спрос и цены на золото обычно растут. Это помогает смягчить общие убытки в портфеле.

2. **Страховка от инфляции и кризисов**: Золото сохраняет свою стоимость даже в условиях гиперинфляции и глобальных потрясений, в отличие от ценных бумаг и валюты.

3. **Долгосрочная прибыль**: На длительных временных горизонтах (10–20 лет) золото чаще всего обгоняет инфляцию, хотя другие активы могут принести больше дохода за тот же срок.

4. **Ликвидность и надежность**: Золото — один из самых ликвидных активов, его легко купить и продать. Оно не может обесцениться до нуля, в отличие от некоторых финансовых инструментов.

Однако стоит учитывать, что цены на золото тоже колеблются, и краткосрочные инвестиции могут быть невыгодными. Поэтому золото чаще всего рекомендуют как часть диверсифицированного портфеля, а не как основной актив."
29,Чем отличаются кредитные каникулы от внесудебного банкротства?,"Кредитные каникулы и внесудебное банкротство — это два разных механизма, которые помогают людям с долгами, но они имеют ключевые различия:

1. **Суть и цель**:
   - **Кредитные каникулы** — это временная отсрочка платежей по кредитам и займам на срок до полугода. Они дают возможность переждать финансовые трудности, но не списывают долг.
   - **Внесудебное банкротство** — это процедура, позволяющая списать неподъемные долги (от 25 000 до 1 000 000 рублей) за полгода, если кредиторы уже пытались взыскать их, но безуспешно.

2. **Условия получения**:
   - **Каникулы** можно получить, если доходы снизились на 30% или жилье пострадало из-за ЧС.
   - **Банкротство** доступно, если долг в указанном диапазоне, а кредиторы уже обращались в суд, но не смогли взыскать средства.

3. **Последствия**:
   - **Каникулы** не списывают долг, но заморозят штрафы и пени, а также запретят продажу залогового имущества. Проценты продолжают начисляться.
   - **Банкротство** списывает долги (кроме алиментов, компенсаций вреда и т. д.), но может повлиять на кредитную историю.

4. **Сроки и стоимость**:
   - **Каникулы** — бесплатны, срок до 6 месяцев.
   - **Банкротство** — бесплатное, длится ровно 6 месяцев.

Таким образом, каникулы — это временная помощь, а банкротство — радикальное решение для списания долгов."
30,"Какие гранты доступны начинающему предпринимателю, а какие налоговые каникулы предусмотрены?","Начинающему предпринимателю доступны следующие виды грантов и налоговых льгот:

### **Гранты для начинающих предпринимателей**
1. **Гранты на открытие бизнеса**
   - Размер: от 100 000 до 500 000 рублей (до 1 млн рублей в Арктической зоне).
   - Направления использования: аренда, ремонт помещений, покупка оборудования, ПО, франшизы, услуги связи, лизинг.
   - **Условия:**
     - Возраст до 25 лет (для молодых предпринимателей).
     - Отсутствие долгов по налогам и взносам (не более 1000 рублей).
     - Регистрация бизнеса не в Москве.
     - Прохождение бесплатного обучения (не менее 16 часов).
     - Собственные вложения в бизнес — не менее 25% от суммы гранта.
   - **Как получить:** через местные органы власти или центры «Мой бизнес».

2. **Гранты для пострадавших от санкций**
   - Доступны МСП, испытывающим трудности из-за санкций.
   - Включают кредитные каникулы, льготные кредиты, поручительства.

### **Налоговые каникулы**
1. **Нулевые налоговые ставки для начинающих ИП**
   - Действуют в некоторых регионах для предпринимателей, работающих на **ПСН (патентная система налогообложения)** или **УСН (упрощенная система)**.
   - **Условия:**
     - Бизнес зарегистрирован не более двух лет назад.
     - Деятельность в производстве, науке, социальной или бытовой сфере.
   - **Срок:** до двух налоговых периодов (обычно 2 года).

2. **Освобождение от деклараций для самозанятых**
   - Налоговая сама рассчитывает и уведомляет о сумме налога.

Для уточнения условий в вашем регионе можно обратиться в **центры «Мой бизнес»** или на **Цифровую платформу МСП**."
31,"Чем отличаются ипотечные каникулы от кредитных, допускаются ли они при уже допущенной просрочке?","Ипотечные и кредитные каникулы — это разные программы отсрочки платежей, которые отличаются условиями и целевым назначением.

### **Основные отличия:**
1. **Тип кредита:**
   - **Ипотечные каникулы** — применяются только к кредитам, выданным под залог жилья (квартиры, дома).
   - **Кредитные каникулы** — распространяются на все остальные виды кредитов и займов (потребительские, автокредиты, кредитные карты и т. д.).

2. **Условия получения:**
   - **Ипотечные каникулы** доступны, если:
     - это ваша единственная недвижимость;
     - сумма кредита не превышает 15 млн рублей;
     - есть уважительная причина (болезнь, потеря работы, рождение ребенка и др.).
   - **Кредитные каникулы** можно оформить только в двух случаях (например, при временной нетрудоспособности или снижении дохода).

3. **Срок отсрочки:**
   - Оба вида каникул обычно предоставляются на **6 месяцев**.

4. **Просрочки:**
   - **Оба вида каникул допускаются даже при наличии просрочек** по кредиту.
   - На время каникул **заморозятся пени и штрафы**, но их придется выплатить после окончания льготного периода.

### **Как оформить?**
- Для **ипотечных каникул** нужно подать заявление в банк с указанием причины и желаемого размера платежей.
- Для **кредитных каникул** также требуется заявление, но условия зависят от конкретного кредитора.

Если у вас уже есть просрочки, это не помешает оформлению, но важно действовать быстро, чтобы избежать судебных разбирательств."
32,Как определить официальный сайт финансовой организации по признакам в поиске?,"Чтобы определить официальный сайт финансовой организации в поисковых системах, обратите внимание на следующие признаки:

1. **Специальная маркировка** – в поисковиках «Яндекс» и Mail.ru легальные финансовые организации помечены **синим кружком с галочкой**. Если такой пометки нет, велика вероятность, что сайт нелегальный или новый, и его надежность сложно оценить.

2. **Проверка лицензии** – убедитесь, что компания имеет лицензию Банка России. Для этого можно:
   - Проверить реестр Банка России, где публикуются лицензии брокеров, управляющих, МФО и других финансовых организаций.
   - Изучить сайт компании на наличие номера лицензии и информации о саморегулируемой организации (СРО), в которую она входит.

3. **Членство в СРО** – легальные брокеры и МФО обычно состоят в саморегулируемых организациях, таких как **НАУФОР** (для брокеров) или аналогичные структуры. Если компании нет в реестре СРО, это повод для настороженности.

4. **Внимательный анализ адреса сайта** – мошенники часто создают сайты-дубликаты с небольшими изменениями в URL. Проверяйте адрес вручную, особенно если он отличается от официального всего на один-два символа.

5. **Наличие полной информации о компании** – легальные финансовые организации раскрывают данные о себе, включая лицензию, список услуг и контакты. Если таких данных нет, это тревожный знак.

Если сайт не имеет маркировки, лицензии или информации о СРО, лучше отказаться от сотрудничества с такой организацией."
33,Чем различается ответственность по долгам ИП по сравнению с ООО?,"Ответственность по долгам ИП и ООО различается следующим образом:

1. **ИП (индивидуальный предприниматель)**:
   - Отвечает по долгам бизнеса **всеми своими личными активами**, включая имущество, зарегистрированное на супруга (если оно является совместно нажитым).
   - Приставы могут списать деньги с банковских счетов, конфисковать имущество (включая недвижимость, автомобили, ценные вещи) и даже имущество, зарегистрированное на близких родственников, если оно является совместно нажитым.
   - Исключение: не могут быть конфискованы средства, равные прожиточному минимуму (для должника и его иждивенцев), а также имущество детей и родителей.

2. **ООО (общество с ограниченной ответственностью)**:
   - Отвечает по долгам **только имуществом компании**, а не личными активами учредителей.
   - Учредители рискуют только теми средствами, которые вложили в бизнес. Личное имущество (квартиры, счета, автомобили) остается в безопасности, если долги возникли не по вине учредителей.
   - Однако, если вина учредителей в убытках компании доказана судом, может быть применена **субсидиарная ответственность** — они обязаны погасить долги из личных средств.

Таким образом, ООО обеспечивает **ограниченную ответственность** учредителей, в то время как ИП несет **полную ответственность** всем своим имуществом."
34,Что общего в последствиях просрочки по микрозайму и по займу через инвестиционную платформу?,"В последствиях просрочки по микрозайму и по займу через инвестиционную платформу есть несколько общих моментов:

1. **Порча кредитной истории** – В обоих случаях информация о просрочке передается в бюро кредитных историй, что усложнит получение новых займов или кредитов в будущем.

2. **Начисление штрафов и пеней** – В договоре с МФО или инвестплатформой должны быть прописаны штрафные санкции за просрочку, включая неустойку, пени и дополнительные комиссии.

3. **Возможность судебного взыскания** – Если заемщик не погашает долг добровольно, кредиторы (МФО, инвестплатформа или инвесторы) могут обратиться в суд для принудительного взыскания.

4. **Риск дополнительных финансовых потерь** – В обоих случаях просрочка может привести к увеличению общей суммы долга из-за начисленных процентов и штрафов.

5. **Ограничения в будущем** – Плохая кредитная история может повлиять не только на возможность получения кредитов, но и на другие финансовые операции, включая трудоустройство.

Таким образом, несмотря на различия в механизмах работы МФО и инвестиционных платформ, последствия просрочки по займам в обоих случаях схожи."
35,Как безопасно оплатить покупку онлайн?,"Для безопасной оплаты покупок онлайн следуйте этим рекомендациям:

1. **Используйте системы безопасных платежей**
   - Ищите на странице оплаты логотипы **MasterCard SecureCode, Visa Secure или Mir Accept**. Эти технологии (3D-Secure) обеспечивают дополнительную защиту.
   - После ввода реквизитов карты вас перенаправят на безопасную страницу банка, где нужно ввести одноразовый код из СМС. **Никому не сообщайте этот код**.

2. **Заведите отдельную карту для интернет-покупок**
   - Используйте карту, предназначенную только для онлайн-платежей, и пополняйте её на сумму, необходимую для покупки.
   - Некоторые банки предлагают **виртуальные карты**, которые действуют только для одной транзакции.

3. **Проверяйте сайт перед оплатой**
   - Убедитесь, что сайт начинается с **https://** и в адресной строке есть значок закрытого замка.
   - Проверьте, что вы находитесь на официальной странице магазина, а не на клоне.

4. **Избегайте подозрительных предложений**
   - Не переходите по ссылкам или QR-кодам от незнакомых людей.
   - Не вводите данные карты на сайтах, которые предлагают **подарочные карты дешевле номинала** — это мошенничество.

5. **Платите через мобильные сервисы**
   - Используйте **Apple Pay, Google Pay, Mir Pay или Samsung Pay** — они шифруют данные карты и не передают их продавцу.

6. **Не раскрывайте персональные данные**
   - Никогда не сообщайте реквизиты карты, коды из СМС или личные данные посторонним.

7. **Используйте защищенные платежные шлюзы**
   - После ввода данных карты вас должно перенаправить на страницу банка для подтверждения платежа. Если этого не происходит — отмените покупку.

Следуя этим правилам, вы минимизируете риски мошенничества при онлайн-покупках."
36,Как снизить риск при онлайн‑покупках к школе?,"Чтобы снизить риск при онлайн-покупках к школе, следуйте этим рекомендациям:

1. **Проверяйте сайт перед покупкой**
   - Убедитесь, что сайт принадлежит проверенному магазину, изучите контакты и отзывы.
   - Проверьте, что адрес начинается с **https://** и есть значок закрытого замка в адресной строке.
   - Убедитесь, что вы не попали на поддельный сайт (клон).

2. **Используйте безопасные способы оплаты**
   - Заведите отдельную карту или электронный кошелек для интернет-покупок, пополняйте их только на сумму заказа.
   - Не вводите данные карты на подозрительных сайтах.
   - При покупке на маркетплейсах используйте их платежные сервисы.

3. **Будьте осторожны с подозрительными предложениями**
   - Не покупайте товары по ссылкам или QR-кодам от незнакомцев.
   - Не переходите на сторонние сервисы (соцсети, мессенджеры) для оплаты.
   - Не верьте предложениям о подарочных картах по заниженной цене.

4. **Защищайте личные данные**
   - Никогда не сообщайте посторонним реквизиты карты, коды из СМС или пароли.
   - Подключите СМС-оповещения о транзакциях, чтобы оперативно заметить подозрительные операции.

5. **Совместные закупки**
   - Если покупаете канцтовары оптом, объединяйтесь с другими родителями для получения скидок.

Следуя этим правилам, вы снизите риск мошенничества и защитите свои деньги."
37,"Что произойдет с ипотекой при разводе, если один из супругов перестанет платить?","Если один из супругов перестанет платить по ипотеке после развода, произойдет следующее:

1. **Один из супругов будет вынужден погашать весь долг**. Если второй супруг продолжит вносить платежи, он сможет взыскать с бывшего партнера компенсацию через суд.

2. **Риск потери жилья**. Если оба супруга перестанут платить, банк начнет взыскание долга через суд, что приведет к продаже заложенной недвижимости. Оставшуюся сумму после погашения кредита разделят между бывшими супругами (если они не договорятся, вопрос решается через суд).

3. **Сложности с долями в жилье**. Если жилье не разделено, тот, кто не платил, может потребовать свою долю в течение трех лет после развода. Если доля не выделена, восстановить права будет сложно.

4. **Варианты решения**:
   - **Разделить долг и жилье** (например, оформить два кредитных договора). Тогда банк сможет продать только долю того, кто не платит.
   - **Переоформить ипотеку на одного супруга** (с согласия банка).
   - **Продать жилье** и разделить вырученные средства.

Важно: любые изменения в кредитном договоре или сделки с заложенным жильем требуют согласования с банком."
38,Когда обращаться с жалобой в Банк России?,"Обращаться с жалобой в Банк России следует в следующих случаях:

1. **Если финансовая организация нарушает ваши права** (например, не возвращает деньги, отказывается оформить полис, блокирует счет без оснований и т. д.).
2. **Если компания не ответила на вашу претензию в течение 15 рабочих дней** или дала формальный отказ.
3. **Если регулятор (например, Банк России) не согласился с вашими доводами** после первоначального обращения, и вы хотите обжаловать его решение.

Жалобу можно подать через интернет-приемную, по почте или лично. Регулятор обязан рассмотреть обращение и принять меры, включая штрафы, приостановку лицензии или отзыв лицензии в случае серьезных нарушений.

Для уточнения деталей по вашей ситуации можно проконсультироваться в чате приложения «ЦБ Онлайн» или по телефону горячей линии (300 для мобильных, 8-800-300-30-00 для стационарных)."
39,Чем самозапрет на кредиты отличается от услуг кредитных брокеров?,"Самозапрет на кредиты и услуги кредитных брокеров решают разные задачи и имеют принципиальные отличия:

1. **Цель и назначение**:
   - **Самозапрет** — это инструмент защиты от мошенничества. Он блокирует возможность оформления кредитов и займов на ваше имя без вашего согласия. Банки и МФО обязаны учитывать этот запрет и отказывать в выдаче кредитов, если кто-то попытается взять долг по вашим документам.
   - **Кредитные брокеры** — это посредники, которые помогают подобрать банки, собрать документы и подать заявки на кредит. Они не гарантируют одобрение, но могут повысить шансы на получение займа.

2. **Влияние на ваши возможности**:
   - **Самозапрет** временно лишает вас возможности оформить новый кредит или заем. Чтобы получить кредит, нужно снять запрет.
   - **Кредитные брокеры** не ограничивают ваши права, но и не дают гарантий. Они лишь помогают в процессе подачи заявок.

3. **Оплата услуг**:
   - **Самозапрет** оформляется бесплатно через Госуслуги или МФЦ.
   - **Кредитные брокеры** могут брать плату за свои услуги, причем честные специалисты работают за фиксированную сумму, а не процент от кредита.

4. **Риски и ограничения**:
   - **Самозапрет** не распространяется на ипотеку, кредиты под залог автомобиля, образовательные кредиты и некоторые виды рассрочки.
   - **Кредитные брокеры** не могут гарантировать одобрение кредита, обещать низкие ставки или изменять вашу кредитную историю. Если брокер делает такие обещания, он, скорее всего, мошенник.

Таким образом, самозапрет — это защита от мошенников, а брокеры — помощь в оформлении кредита."
40,Когда наследник вправе рассчитывать на повышенное страховое возмещение по средствам из наследства с учетом требований к оформлению прав?,В предоставленной базе знаний нет информации по вашему вопросу.
41,Зачем нужны обновления системы вместе с антивирусом для защиты от фишинга?,"Обновления системы и антивируса необходимы для защиты от фишинга и других видов кибермошенничества по нескольким ключевым причинам:

1. **Закрытие уязвимостей** – Злоумышленники постоянно ищут слабые места в программном обеспечении. Регулярные обновления операционной системы и антивирусов устраняют эти уязвимости, делая устройство менее уязвимым для атак.

2. **Защита от новых вирусов и фишинговых схем** – Киберпреступники разрабатывают новые вирусы и методы фишинга. Обновления антивирусов содержат актуальные базы данных угроз, что позволяет обнаруживать и блокировать свежие вирусы и фишинговые сайты.

3. **Улучшение механизмов безопасности** – Обновления могут включать новые функции защиты, такие как улучшенная фильтрация подозрительных ссылок, защита от фишинга в браузерах и другие инструменты, которые помогают предотвратить мошеннические атаки.

4. **Совместимость и надежность** – Обновленные системы работают стабильнее и безопаснее, снижая риск сбоев, которые могут быть использованы злоумышленниками для проникновения в устройство.

Таким образом, регулярные обновления системы и антивируса – это важный шаг в защите от фишинга и других киберугроз."
42,Как меняется роль Банка России в защите интересов клиентов при реорганизации НПФ по сравнению с его мандатом по контролю инфляции?,"Роль Банка России в защите интересов клиентов при реорганизации НПФ и в контроле инфляции различается по направленности, но обе функции направлены на стабильность финансовой системы.

1. **Контроль инфляции**:
   Банк России стремится поддерживать стабильно низкую инфляцию (4% в год), чтобы цены не скакали резко. Это создает условия для долгосрочного планирования у граждан и бизнеса, например, для накопления на пенсию или инвестиций.

2. **Защита клиентов при реорганизации НПФ**:
   При реорганизации НПФ Банк России обеспечивает, чтобы клиенты были проинформированы о преобразованиях, включая условия перехода в новый фонд или возможность отказа от него. Регулятор проверяет, сможет ли новый фонд выполнить обязательства перед клиентами, прежде чем одобрить реорганизацию. Это защищает пенсионные накопления граждан.

Таким образом, в первом случае Банк России влияет на макроэкономическую стабильность, а во втором — на защиту прав конкретных клиентов финансовых организаций."
43,В каких законных случаях пенсионные накопления оказываются в другом фонде без вашего согласия?,"Пенсионные накопления могут оказаться в другом фонде без вашего согласия только в двух законных случаях:

1. **Отзыв лицензии у НПФ** – если у негосударственного пенсионного фонда (НПФ) отзывают лицензию, средства клиентов автоматически переходят в Социальный фонд России (СФР).

2. **Реорганизация НПФ** – если фонд реорганизуется (например, присоединяется к другому НПФ), все его активы и обязательства передаются в новый фонд. В этом случае клиент должен быть уведомлен, и у него есть 30 дней, чтобы подать заявление о переходе в другой фонд, если новая организация его не устраивает.

Во всех остальных ситуациях перевод накоплений без согласия клиента запрещен."
44,Что делать при звонке «из банка» с тревожными новостями о счете?,"При звонке «из банка» с тревожными новостями о счете следуйте этим рекомендациям:

1. **Не поддерживайте разговор** — мошенники могут пытаться вывести вас из равновесия, чтобы получить доступ к вашим данным или деньгам.
2. **Не перезванивайте по указанному номеру** — даже если он выглядит официальным, это может быть подделка.
3. **Самостоятельно свяжитесь с банком** — наберите номер горячей линии вручную. Он указан на обратной стороне вашей карты или на официальном сайте банка.
4. **Уточните информацию** — специалист банка подтвердит, есть ли реальные проблемы с вашим счетом, и подскажет, как действовать.
5. **Если звонок кажется подозрительным, сообщите в Банк России** — по номеру 8-800-300-3000 или через официальный сайт.

Также не отвечайте на подобные СМС или сообщения — лучше сразу проверить информацию через официальные каналы связи."
45,Что делать при СМС о блокировке банковской карты?,"При получении СМС о блокировке банковской карты важно действовать осторожно и последовательно:

1. **Не паникуйте** – блокировка карты чаще всего связана с мерами безопасности, а не с мошенничеством.
2. **Не переходите по ссылкам и не звоните на неизвестные номера** – мошенники могут использовать такие сообщения, чтобы получить доступ к вашим данным.
3. **Проверьте информацию через официальные каналы**:
   - Позвоните на горячую линию банка (номер указан на обратной стороне карты или на сайте банка).
   - Уточните, действительно ли карта заблокирована, и по какой причине (например, три неверных ввода ПИН-кода, подозрительная операция или техническая ошибка).
4. **Если карта заблокирована по ошибке**, банк может разблокировать её автоматически (обычно через 24 часа) или после вашего обращения.
5. **Если блокировка связана с мошенничеством**, немедленно заблокируйте карту через онлайн-банк, СМС или в отделении банка, а затем напишите заявление о несогласии с операциями.

Всегда используйте только официальные контакты банка, чтобы избежать обмана."
46,Кому доступен залог до продажи: жильцам ипотечной квартиры против владельца автомобиля в автоломбарде?,В предоставленной базе знаний нет информации по вашему вопросу.
47,"Как узнать, в каких БКИ хранится моя кредитная история, чтобы посмотреть свой индивидуальный рейтинг?","Чтобы узнать, в каких бюро кредитных историй (БКИ) хранится ваша кредитная история, и посмотреть свой индивидуальный рейтинг, выполните следующие шаги:

1. **Определите БКИ, где хранится ваша история**:
   - **Через портал «Госуслуги»**:
     - Войдите в свой профиль.
     - Выберите услугу «Получение информации о хранении вашей кредитной истории».
     - Для доступа понадобятся паспорт и СНИЛС.
     - В ответ Банк России пришлет список всех БКИ, где хранится ваша история, с указанием их названий, адресов и телефонов.
   - **Через сайт Банка России**:
     - Для запроса нужен код субъекта кредитной истории (есть в кредитном договоре или можно уточнить в банке/МФО).

2. **Получите доступ к рейтингу в каждом БКИ**:
   - Перейдите на сайты указанных бюро.
   - Зарегистрируйтесь (можно авторизоваться через подтвержденную учетную запись на «Госуслугах»).
   - После подтверждения данных вы увидите свой рейтинг в личном кабинете.
   - Некоторые БКИ показывают рейтинг сразу, другие — только в составе полного кредитного отчета.

3. **Запросите кредитный отчет**:
   - По закону вы можете бесплатно запросить отчет в каждом БКИ дважды в год. Дополнительные запросы — за плату.

Если у вас есть вопросы по исправлению ошибок в кредитной истории или другим аспектам, уточните их — я помогу!"
48,Какие меры нужны для безопасных онлайн-платежей с детской карты?,"Для безопасных онлайн-платежей с детской карты необходимо соблюдать следующие меры:

1. **Проверяйте сайты перед оплатой**:
   - Вводите данные карты только на защищенных сайтах надежных компаний. Официальные сайты обычно помечены галочками в поисковых системах и имеют адрес, начинающийся с **https://**.
   - Остерегайтесь поддельных сайтов, особенно с подозрительно низкими ценами.

2. **Используйте безопасные платежные шлюзы**:
   - Проводите платежи через проверенные платежные системы, которые перенаправляют вас на сайт банка для подтверждения операции.

3. **Подключите СМС-оповещения**:
   - Это поможет сразу узнать о любых операциях по карте, включая подозрительные.

4. **Не передавайте данные карты третьим лицам**:
   - Никогда не сообщайте полные реквизиты карты, не выкладывайте ее фотографии в интернет.

5. **Будьте осторожны с Wi-Fi**:
   - Не вводите данные карты в интернет-банке или мобильном банке через открытые точки Wi-Fi (например, в кафе или транспорте).

6. **Проверяйте СМС-сообщения от банка**:
   - Если пришло уведомление о непонятной покупке, сразу сообщите родителям или позвоните в банк для блокировки карты.

7. **Не реагируйте на подозрительные сообщения**:
   - Если вам приходят звонки, СМС или письма с просьбой о переводе денег, не выполняйте их — сразу свяжитесь с родителями.

Соблюдение этих правил поможет защитить деньги на детской карте от мошенников."
49,Какие действуют лимиты: сколько возмещает АСВ по дополнительной пенсии и какие максимальные суммы обычно выдают МФО?,"Вот информация по вашему вопросу:

1. **Лимиты возмещения АСВ по дополнительной пенсии**:
   - Если НПФ обанкротится, АСВ возместит сбережения на индивидуальном пенсионном счете, включая инвестиционный доход, но не более **2,8 млн рублей**.
   - Если вы уже получаете дополнительную пенсию, выплаты продолжат поступать, но их размер не превысит **четырех социальных пенсий по старости**.

2. **Максимальные суммы, выдаваемые МФО**:
   - Размер займов в МФО ограничен:
     - **1 млн рублей** — для микрофинансовых компаний (МФК).
     - **500 тыс. рублей** — для микрокредитных компаний (МКК).
     - **5 млн рублей** — для индивидуальных предпринимателей или юридических лиц.
   - Инвестиции в МФО возможны только в МФК и составляют **не менее 1,5 млн рублей**.

Если у вас есть дополнительные вопросы, задавайте!"
50,Как по-разному обращаются со штрафами и пенями при ипотечных каникулах и при судебном банкротстве?,"При ипотечных каникулах и судебном банкротстве штрафы и пени обрабатываются по-разному:

1. **Ипотечные каникулы**:
   - Штрафы и пени за просрочку **заморозятся** на весь льготный период, но их нужно будет погасить после окончания каникул.
   - Если у вас уже есть просрочки, банк не может отказать в каникулах из-за этого.
   - Начисление процентов по кредиту продолжается, но их нужно будет выплатить позже.

2. **Судебное банкротство**:
   - После одобрения заявления на банкротство **прекращается начисление штрафов и пени** по указанным долгам.
   - Если после начала процедуры банкротства на долги продолжали начисляться дополнительные суммы, кредиторы обязаны их списать.
   - В случае мирового соглашения кредиторы могут списать часть долга или согласиться на отсрочку.

Таким образом, при ипотечных каникулах штрафы и пени просто приостанавливаются, а при банкротстве они могут быть полностью списаны."
51,"Как проходят расчеты при продаже квартиры, находящейся в залоге у банка?","При продаже квартиры, находящейся в залоге у банка, расчеты проходят через ипотечный банк продавца. Это обязательное условие, так как кредитор должен проконтролировать погашение долга или его переоформление на нового заемщика.

**Основные варианты расчетов:**

1. **Погашение долга продавца**
   - Деньги покупателя сначала идут на погашение ипотечного кредита продавца.
   - Если долг меньше суммы сделки, оставшаяся часть переводится продавцу.
   - Банк освобождает квартиру от залога после полного погашения кредита.

2. **Переоформление долга на покупателя**
   - Продавец, покупатель и банк заключают соглашение о переводе долга.
   - Банк направляет документы в Росреестр для перерегистрации права собственности и залога на покупателя.
   - Покупатель начинает выплачивать кредит, а квартира остается в залоге у банка.

3. **Использование счетов эскроу, аккредитива, банковской ячейки или номинального счета**
   - Деньги покупателя могут быть зачислены на специальный счет или ячейку.
   - Банк контролирует их распределение: часть идет на погашение кредита, остаток — продавцу.

4. **Сделка через один банк (если покупатель и продавец клиенты одного банка)**
   - Банк сам организует расчеты, направляет документы в Росреестр и переводит деньги продавцу после регистрации сделки.

**Важно:**
- Банк устанавливает минимальную цену продажи, достаточную для погашения кредита.
- Сделка должна быть завершена в установленный срок (обычно 4 месяца).
- Если покупатель берет новую ипотеку, расчеты проходят через его банк.

Таким образом, все операции проходят под контролем банка, что снижает риски для всех участников сделки."
52,"Каков общий лимит вычета на взносы при сочетании ИИС‑3, ПДС, доппенсии?","Общий лимит вычета на взносы при сочетании ИИС-3, ПДС и дополнительной пенсии составляет **400 000 рублей в год**. Это означает, что сумма всех ваших взносов в эти инструменты в течение года не может превышать 400 000 рублей для расчета налоговой льготы.

Например, если вы внесли:
- 300 000 ₽ на ИИС-3,
- 50 000 ₽ на дополнительную пенсию,
- 100 000 ₽ на счет ПДС,

то общая сумма взносов составит 450 000 ₽, но для вычета будет учтено только 400 000 ₽.

Размер возврата зависит от ставки НДФЛ:
- При ставке 13% максимальный вычет составит 52 000 ₽ (400 000 × 13%).
- При ставке 22% — до 88 000 ₽ (400 000 × 22%).

Важно: возврат не может превышать сумму НДФЛ, уплаченную вами за год."
53,Когда кредитор сможет продать залог: автомобиль в автоломбарде против ипотечной квартиры?,"Кредитор может продать залоговое имущество в следующих случаях:

1. **Автомобиль в автоломбарде**:
   - Продажа возможна не раньше чем через месяц после просрочки выплаты.
   - В этот период условия займа не меняются, и вы можете погасить долг и вернуть автомобиль.
   - Если долг не погашен, автоломбард выставляет машину на торги.
   - Если выручка от продажи меньше суммы долга, заем считается погашенным. Если больше — разница возвращается вам.

2. **Ипотечная квартира**:
   - Банк вправе потребовать досрочного погашения долга и продать жилье, если заемщик за год просрочил четыре и более платежей.
   - Продажа возможна только через суд, даже если квартира — единственное жилье.
   - Банк не может отсудить имущество, пока наследники не получат свидетельство о праве собственности.

Таким образом, продажа залогового имущества в автоломбарде происходит быстрее (через месяц после просрочки), а ипотечная квартира может быть продана только после судебного решения при значительных просрочках."
54,"На что смотреть при покупке полиса ДМС, чтобы не ошибиться?","При покупке полиса ДМС важно обратить внимание на несколько ключевых аспектов, чтобы сделать осознанный выбор:

1. **Лицензия страховой компании** – проверьте её в справочнике Банка России. Если оформляете договор онлайн, убедитесь, что сайт страховщика официальный (ищите маркировку в поисковых системах).

2. **Перечень услуг и клиник** – изучите, какие врачи, обследования и клиники включены в полис. Обратите внимание на ограничения по числу визитов и список исключений (например, хронические болезни, вакцинация, подбор очков).

3. **Франшиза** – некоторые полисы предполагают франшизу (фиксированную сумму или процент от стоимости услуг, которую вы платите самостоятельно). Посчитайте, выгодна ли такая экономия.

4. **Корпоративные полисы** – если ваш работодатель предлагает ДМС, это может быть дешевле и удобнее, так как страховщики часто предоставляют дополнительные услуги (например, кураторов для решения спорных вопросов).

5. **Стоимость и набор услуг** – сравните цены на сайтах страховых компаний или на агрегаторах. Учтите, что стоимость зависит от пола, возраста, состояния здоровья и профессии.

6. **Специализированные программы** – если вам нужна защита от тяжёлых заболеваний (например, онкология), уточните, входит ли это в базовый полис или требуется дополнительная страховка.

7. **Клиники и врачи** – выбирайте полис, который включает нужные вам клиники и специалистов. Убедитесь, что они работают с выбранной страховой компанией.

8. **Профилактические обследования** – некоторые полисы включают чекапы (профилактические осмотры), что может быть выгодно.

9. **Ограничения и лимиты** – проверьте, есть ли лимиты на покрытие определённых услуг (например, лекарства, стационарное лечение).

10. **Дополнительные опции** – вызов врача на дом, скорая помощь, стоматология и другие услуги могут повысить стоимость полиса, но сделать его более полезным.

Сравнивайте предложения, внимательно читайте договор и уточняйте все сомнительные моменты у страховщика."
55,"Где по умолчанию хранятся пенсионные накопления, допускается ли перевод между СФР и НПФ?","Если вы родились после 1966 года и работали с 2002 по 2014 год, у вас есть пенсионные накопления. По умолчанию они хранятся в **Социальном фонде России (СФР)**, а их инвестированием занимается государственная управляющая компания **ВЭБ.РФ**.

**Перевод между СФР и НПФ допускается.** Вы можете:
- **Перевести накопления в негосударственный пенсионный фонд (НПФ)**, заключив с ним договор и подав заявление в СФР.
- **Вернуться обратно в СФР** или перейти в другую управляющую компанию (УК) внутри Соцфонда, просто подав заявление.

Также можно менять не только фонды, но и инвестиционные стратегии внутри выбранного фонда."
56,Почему обещания кредитного брокера «гарантируем кредит» не заслуживают доверия?,"Обещания кредитного брокера «гарантируем кредит» не заслуживают доверия по нескольким причинам:

1. **Отсутствие регулирования** – деятельность кредитных брокеров не регулируется специальными законами, поэтому они не могут гарантировать одобрение кредита.

2. **Невозможность влиять на решение банка** – банки и МФО принимают решение о выдаче кредита на основе автоматизированного анализа данных заемщика. Брокеры не имеют доступа к этим системам и не могут повлиять на решение.

3. **Обман и мошенничество** – если брокер обещает кредит «любому заемщику», это явный признак недобросовестности. В лучшем случае это пустые слова, в худшем – попытка вовлечь вас в мошенническую схему.

4. **Риск подпольных кредиторов** – некоторые брокеры сотрудничают с нелегальными кредиторами, которые выдают займы под завышенные проценты и применяют незаконные методы взыскания долгов.

5. **Фальсификация документов** – если брокер предлагает подготовить поддельные справки о доходах, это преступление, которое может привести к отказу в кредите и уголовной ответственности.

Таким образом, любые гарантии получения кредита от брокера – это либо обман, либо сигнал о мошенничестве. Лучше самостоятельно подбирать кредитные предложения или обращаться к проверенным специалистам, которые не дают ложных обещаний."
57,Какими способами пополнить карту безналичной валютой и можно ли затем снять эти деньги в иностранной наличности?,"Пополнить карту безналичной валютой можно двумя основными способами:

1. **Через банк**:
   - Открыть валютный счет и перечислить на него деньги с рублевого счета по курсу банка.
   - Конвертация произойдет автоматически, но снять наличную валюту не получится — обратный обмен будет только в рублях.

2. **Через брокера на бирже**:
   - Купить валюту (например, доллар США, гонконгский доллар) по курсу биржи, но комиссия брокера будет взиматься.
   - Деньги поступят на валютный счет, но наличные снять нельзя — только перевод на другой банковский счет.

**Важно**: Если валюта поступила на счет после 8 марта 2022 года, снять ее наличными нельзя до 9 марта 2026 года. Получить можно только в рублях или хранить на счете до отмены ограничений.

Для безналичных операций (оплата товаров, переводы) ограничений нет, но наличные получить сложно."
58,"Какие действия нужны, чтобы получить выплату после ДТП по европротоколу, включая необходимые доказательства?","Чтобы получить выплату после ДТП, оформленного по европротоколу, выполните следующие действия:

1. **Заполните извещение о ДТП**
   - В бумажном виде (бланк европротокола) или через мобильное приложение.
   - Если оформляете электронно, укажите регистрационный номер документа.

2. **Соберите необходимые документы**
   - Извещение о ДТП (или его регистрационный номер, если оформлено через приложение).
   - Паспорт и водительское удостоверение.
   - Документ о праве собственности на ТС.
   - Доверенность от собственника (если обращается не владелец).
   - Банковские реквизиты (если хотите денежную выплату, а не направление на ремонт).
   - Фото- или видеосъемку места аварии (положение ТС, повреждения, следы торможения, номерные знаки).
   - Письменные показания свидетелей (если есть).

3. **Подайте заявление в страховую компанию**
   - В течение 5 дней после ДТП.
   - Можно лично в офисе (с копией заявления с печатью) или через интернет.

4. **Дождитесь осмотра автомобиля**
   - Страховщик может потребовать предоставить машину для оценки ущерба.

5. **Получите выплату**
   - Сумма зависит от условий европротокола (до 400 000 рублей, если все требования выполнены).
   - Деньги перечислят на указанные реквизиты или выплатят через кассу.

**Важно:**
- Если ущерб превышает 800 евро (в Беларуси) или есть сомнения в обстоятельствах, вызовите ГАИ.
- Доказательства (фото, свидетели) помогут избежать споров со страховой."
59,Что будет с авто в залоге по автокредиту при просрочке либо после смерти заемщика?,"Если вы просрочили платежи по автокредиту, банк имеет право изъять автомобиль, который находится в залоге, и продать его для погашения долга. Перед продажей банк обязан уведомить вас и дать возможность погасить задолженность. Если этого не сделать, машину выставят на торги. После продажи разницу между суммой долга и выручкой от продажи (если она больше) вернут вам.

В случае смерти заемщика ситуация зависит от условий кредитного договора:
- Если у кредита есть поручитель, его ответственность может сохраниться, и банк будет требовать погашения долга с него.
- Если поручителя нет, наследники, вступившие в права собственности на автомобиль, обязаны погасить кредит. Они могут пользоваться машиной, но не вправе продавать или дарить её, пока не закроют долг. Если не платить, банк может через суд забрать автомобиль в счёт погашения долга.

Если наследники не могут платить, они могут добровольно передать залоговое имущество банку, чтобы погасить долг."
60,Как различается защита денег при отзыве лицензии у банка: депозит против счета эскроу?,"При отзыве лицензии у банка защита денег на депозите и счете эскроу различается следующим образом:

1. **Депозит (вклад):**
   - Застрахованы государством в рамках системы страхования вкладов.
   - Максимальная сумма возмещения — **1,4 млн рублей** по всем счетам и вкладам в одном банке.
   - Включает как рублевые, так и валютные счета (пересчет в рубли по курсу на день отзыва лицензии).
   - Проценты по депозиту также застрахованы, если они были начислены до отзыва лицензии.

2. **Счет эскроу:**
   - Защита выше: **до 10 млн рублей** (если счет открыт для сделок с недвижимостью или долевого строительства).
   - Повышенная защита действует:
     - В сделках купли-продажи готового жилья — с момента подачи документов в Росреестр до завершения регистрации (или отказа).
     - В долевом строительстве — с момента внесения денег на счет до сдачи дома застройщиком.
   - Если у вас в том же банке есть и другие счета (например, вклад), их компенсируют отдельно в рамках лимита 1,4 млн рублей.

**Важно:**
- Деньги на аккредитиве не застрахованы государством, а на эскроу — защищены.
- В случае проблем с банком средства на эскроу можно вернуть быстрее (в течение нескольких недель), чем через процедуру банкротства.

Если сумма на эскроу превышает 10 млн рублей, остаток можно вернуть только в ходе банкротства банка."
61,Как официальные данные об инфляции можно использовать при решении: брать ипотеку или разместить деньги на вкладе?,"Официальные данные об инфляции могут помочь вам принять взвешенное решение при выборе между ипотекой и вкладами. Вот как их можно использовать:

1. **При принятии решения об ипотеке**:
   - Если инфляция снижается, возможно, стоит подождать, пока понизятся ставки по ипотеке.
   - Если инфляция стабильна и близка к целевому уровню Банка России (например, 4%), можно принимать решение о взятии ипотеки, так как ставки по кредитам могут оставаться на приемлемом уровне.
   - Ипотека позволяет зафиксировать цену квартиры и защититься от роста цен на недвижимость, а также от инфляции, которая может обесценить накопления.

2. **При размещении денег на вкладах**:
   - При стабильно низкой инфляции не стоит ожидать резкого роста процентов по депозитам, но и хранить деньги под подушкой не рекомендуется.
   - Ставка по вкладу должна быть выше инфляции, чтобы избежать потерь от обесценивания денег.
   - Если инфляция растет, стоит искать вклады с более высокими процентами, чтобы компенсировать потери.

3. **Сравнение с личной инфляцией**:
   - Даже если ваша личная инфляция отличается от официальной, динамика цен в экономике влияет на ваш бюджет. Например, если официальная инфляция снижается, это может означать замедление роста цен и в вашей корзине.

Таким образом, официальные данные об инфляции помогают оценить экономическую ситуацию и выбрать оптимальную стратегию: либо копить на ипотеку, либо размещать деньги на вкладах с учетом текущих ставок и инфляционных ожиданий."
62,"Как неквалу получить доступ к ETF зарубежных рынков, а также к паям ЗПИФов?","Неквалифицированным инвесторам (неквалам) доступ к ETF зарубежных рынков и паям ЗПИФов ограничен, но есть несколько вариантов:

1. **ETF из дружественных стран**
   - Неквалифицированные инвесторы могут покупать паи ETF, связанные с дружественными странами, но пока таких фондов на российских биржах нет.

2. **Иностранные ETF с особыми условиями**
   - Доступны паи ETF, которые входят в первый или второй котировальные списки российских бирж, а также ETF, привязанные к ведущим зарубежным индексам, если их создатель обязался мгновенно продавать и выкупать паи по требованию инвесторов.
   - Для покупки остальных ""дружественных"" ETF неквалы должны пройти специальное тестирование, подтверждающее их финансовую грамотность.

3. **БПИФы (биржевые паевые инвестиционные фонды)**
   - Неквалифицированные инвесторы могут свободно покупать паи российских БПИФов, в том числе те, которые включают зарубежные активы.

4. **Иностранные управляющие компании**
   - Можно воспользоваться услугами иностранного брокера или управляющего, но это связано с рисками, включая блокировку активов и сложности с судебной защитой.

5. **Тестирование для доступа к иностранным фондам**
   - С 1 апреля 2024 года неквалы смогут покупать паи любых иностранных ETF, привязанных к ведущим мировым индексам, после прохождения специального тестирования.

Для покупки паев ЗПИФов (закрытых паевых инвестиционных фондов) неквалы могут обратиться к российским управляющим компаниям, но доступ к зарубежным ЗПИФам ограничен из-за санкций.

Если у вас есть дополнительные вопросы по конкретным инструментам, уточните их."
63,Совместима ли компенсация 450 000 ₽ по ипотеке для третьего ребенка с имущественным налоговым вычетом?,"Да, компенсация в размере 450 000 ₽ по ипотеке для семей с третьим ребенком совместима с имущественным налоговым вычетом.

Согласно контексту, семья может одновременно воспользоваться несколькими мерами господдержки, включая компенсацию на погашение ипотеки и налоговый вычет на покупку жилья. Например, можно оплатить часть кредита материнским капиталом, оформить льготную ипотеку, а также получить налоговый вычет на покупку жилья и на проценты по ипотеке.

Таким образом, вычет на покупку жилья (до 2 млн ₽) и на проценты по ипотеке (до 3 млн ₽) не отменяются и могут быть оформлены дополнительно к компенсации 450 000 ₽."
64,Какие приемы помогают сократить импульсивные траты?,"Вот несколько приемов, которые помогут сократить импульсивные траты:

1. **Используйте опцию «отложить»**. Выберите товар, потрогайте, примерите, но не покупайте сразу. Возвратитесь домой и подумайте, действительно ли он вам нужен.

2. **Составляйте списки**. Перед походом в магазин заранее определите, что вам нужно, и строго придерживайтесь этого списка. Это поможет избежать ненужных покупок.

3. **Планируйте бюджет**. Заранее рассчитайте, сколько вы готовы потратить, и не выходите за эти рамки. Если расплачиваетесь наличными, берите с собой только нужную сумму.

4. **Не ходите в магазин на голодный желудок**. Голод может спровоцировать покупки, которые вы не планировали.

5. **Проводите ревизию гардероба перед покупкой одежды**. Это поможет понять, что вам действительно нужно, а что — нет.

6. **Не берите корзинку или тележку, если заходите в магазин за парой товаров**. Так вы избежите соблазна купить лишнее.

7. **Ищите товары на нижних или верхних полках**. Часто там размещают более выгодные по цене позиции.

8. **Разделяйте желания и потребности**. Перед покупкой задумайтесь, действительно ли вам нужен этот товар или это просто влияние рекламы и маркетинговых приемов.

9. **Откажитесь от вредных привычек**. Это не только сэкономит деньги, но и улучшит здоровье.

10. **Используйте психологические приемы, такие как округление**. Например, если у вас осталось 242 рубля, оставьте 200, а 42 отложите в копилку.

Эти методы помогут контролировать расходы и избегать импульсивных покупок."
65,"Зачем финансовая подушка безопасности нужна семье так же, как зрелому бизнесу?","Финансовая подушка безопасности важна как для семьи, так и для зрелого бизнеса по нескольким ключевым причинам:

1. **Защита от форс-мажоров** – она позволяет пережить временные финансовые трудности, такие как потеря работы, болезнь, снижение дохода или экономические кризисы. Для семьи это может означать возможность оплатить лечение, учебу или другие срочные расходы, а для бизнеса – выдержать рост цен на сырье или падение спроса.

2. **Снижение стресса** – наличие резервного фонда дает уверенность в завтрашнем дне. Семья может спокойно планировать будущее, а бизнес – сосредоточиться на развитии, а не на выживании.

3. **Гибкость в принятии решений** – финансовая подушка позволяет семье или бизнесу не спешить с невыгодными сделками или кредитами в кризисный период. Например, семья может подождать с покупкой жилья, а бизнес – с расширением, пока ситуация не стабилизируется.

4. **Компенсация инфляции** – если деньги хранятся на вкладе или сберегательном счете, они приносят проценты, которые частично покрывают потери от роста цен.

5. **Страховка от долгов** – без подушки безопасности семья или бизнес могут попасть в долговую ловушку, беря кредиты под высокие проценты. Резервный фонд помогает избежать этого.

Рекомендуемый размер подушки – от 3 до 6 месячных доходов семьи или бизнеса, в зависимости от уровня расходов и стабильности доходов."
66,Чем отличаются государственные гарантии для денег на эскроу при покупке новостройки и для банковского вклада?,"Государственные гарантии для денег на счете эскроу и для банковского вклада различаются по сумме и условиям защиты:

1. **Счет эскроу** (при покупке новостройки):
   - Защита действует с момента внесения денег на счет и до завершения сделки (например, сдачи дома застройщиком).
   - Максимальная сумма возмещения — **10 млн рублей** (если банк лишится лицензии).
   - В случае проблем с застройщиком или банком деньги можно быстро вернуть.

2. **Банковский вклад**:
   - Защита действует на общую сумму всех вкладов в одном банке — **до 1,4 млн рублей**.
   - Если у вас есть и вклад, и счет эскроу в одном банке, то вклад застрахован дополнительно (но не более 1,4 млн рублей).

Таким образом, счет эскроу обеспечивает более высокую защиту (до 10 млн рублей) и предназначен для сделок с недвижимостью, тогда как вклад защищен на меньшую сумму (1,4 млн рублей) и не связан с конкретными сделками."
67,Как безопаснее настроить оплату частями в онлайн‑магазине?,"Для безопасной оплаты товаров частями в онлайн-магазине рекомендуется следовать следующим шагам:

1. **Выбор надежного сервиса**
   - Убедитесь, что магазин или маркетплейс поддерживает безопасные платежные системы (например, Visa Secure, MasterCard SecureCode, Mir Accept).
   - Проверьте, что логотипы этих систем являются активными ссылками, а не просто картинками.

2. **Использование мобильных платежных систем**
   - Оплата через Apple Pay, Google Pay, Mir Pay или Samsung Pay более безопасна, так как данные карты не сохраняются в магазине, а передаются в зашифрованном виде.
   - Это снижает риск утечки реквизитов карты.

3. **Заведение отдельной карты для интернет-покупок**
   - Используйте для оплаты частями карту, которая не привязана к основному счету, чтобы минимизировать ущерб в случае мошенничества.

4. **Проверка условий договора**
   - Внимательно изучите условия оплаты частями, включая график платежей, комиссии и возможные штрафы за просрочку.
   - Убедитесь, что сервис позволяет досрочно погасить задолженность или изменить реквизиты карты.

5. **Подтверждение платежей через 3D-Secure**
   - После ввода данных карты система должна перенаправить вас на страницу банка для подтверждения платежа с помощью одноразового кода из СМС.
   - Никогда не передавайте этот код третьим лицам.

6. **Контроль платежей**
   - Используйте приложения магазина или банка для отслеживания графика платежей и статуса оплаты.
   - Если карта изменится, обновите реквизиты в личном кабинете.

Соблюдение этих рекомендаций поможет защитить ваши финансы при оплате товаров частями."
68,"Какие льготы предусмотрены по программе долгосрочных сбережений, включая размер вычета на взносы?","По программе долгосрочных сбережений (ПДС) предусмотрены следующие налоговые льготы:

1. **Вычет на взносы**:
   - Максимальная сумма взносов, на которую можно получить вычет, составляет **400 000 рублей в год**.
   - Размер возврата зависит от ставки НДФЛ: при ставке 13% можно вернуть до **52 000 рублей** (400 000 × 13%), а при ставке 22% — до **88 000 рублей** (400 000 × 22%).
   - Лимит 400 000 рублей распространяется на все долгосрочные сбережения в сумме (включая ИИС-3 и дополнительную пенсию).

2. **Вычет на доход**:
   - Доход, полученный от инвестиций в рамках ПДС, также освобождается от НДФЛ.

3. **Условия получения льгот**:
   - Деньги можно вывести не раньше, чем через **15 лет** после открытия счета или при достижении пенсионного возраста (55 лет для женщин, 60 лет для мужчин).
   - Если счет открыт в 2024–2026 годах, минимальный срок хранения средств составляет **5 лет**, а с 2031 года — **10 лет**.
   - При досрочном снятии средств льготы аннулируются, и уже полученные вычеты придется вернуть.

4. **Сочетание с другими вычетами**:
   - Льготы по ПДС можно комбинировать с другими налоговыми вычетами (имущественными, социальными и т. д.).

Таким образом, программа долгосрочных сбережений предоставляет двойные налоговые льготы — и на взносы, и на доход, но при условии соблюдения сроков хранения средств."
69,Какие лимиты действуют для бесплатных переводов по СБП по сравнению с кэшаутом?,В предоставленной базе знаний нет информации по вашему вопросу.
70,Как проходит расчет через счет эскроу при долевом строительстве?,"Расчет через счет эскроу при долевом строительстве проходит по следующему алгоритму:

1. **Заключение договора**: Покупатель, застройщик и банк подписывают трехсторонний договор эскроу. Банк открывает специальный счет, на который покупатель переводит деньги за квартиру.

2. **Блокировка средств**: Деньги покупателя остаются на счете эскроу до завершения строительства. Застройщик не может их использовать до сдачи дома в эксплуатацию.

3. **Финансирование строительства**: Банк может выдавать застройщику кредит, используя средства с эскроу-счета в качестве обеспечения. Это позволяет строительной компании получать финансирование по мере необходимости.

4. **Сдача дома**: После завершения строительства и получения разрешения на ввод дома в эксплуатацию застройщик получает доступ к деньгам на эскроу-счете. Покупатель получает ключи от квартиры.

5. **Распределение средств**: Банк переводит деньги застройщику, который погашает кредит, а оставшаяся сумма становится его прибылью.

**Особенности и риски**:
- Если застройщик не сдаст дом в срок или обанкротится, покупатель получит обратно только сумму, лежащую на эскроу-счете.
- Застройщик может предложить банк из списка, утвержденного Банком России, что снижает риски для покупателя.
- Средства на эскроу-счете застрахованы на определенный период, но после сдачи дома защита прекращается.

Этот механизм защищает покупателя от рисков, связанных с недобросовестными застройщиками, так как деньги передаются только после выполнения всех условий договора."
71,Кто контролирует профессиональных участников фондового рынка?,"Профессиональных участников фондового рынка контролирует **Банк России**. Он выдает лицензии брокерам, управляющим, депозитариям и другим участникам, следит за их деятельностью и строго контролирует соблюдение нормативов, чтобы предотвратить рискованные операции.

Если организации нарушают правила, регулятор может удалить их с рынка. Банк России также защищает права инвесторов и публикует списки сомнительных организаций, чтобы предупредить о возможных мошеннических схемах."
72,"На какой срок разумно вкладываться в драгоценные металлы для сохранения сбережений, чтобы вписать это в финансовый план?","Для сохранения сбережений через инвестиции в драгоценные металлы разумно выбирать долгосрочный горизонт — **не менее 10–15 лет**. Это связано с высокой волатильностью цен на драгметаллы, которые могут сильно колебаться в краткосрочной перспективе.

**Почему именно такой срок?**
1. **Инфляционная защита**: В долгосрочной перспективе стоимость драгметаллов, особенно золота и серебра, обычно опережает инфляцию, что помогает сохранить покупательную способность сбережений.
2. **Снижение рисков**: Краткосрочные вложения могут привести к убыткам из-за резких падений цен (например, серебро упало вдвое с 2012 по 2015 год).
3. **Страховка от кризисов**: Драгметаллы часто растут в периоды экономической нестабильности, но их долгосрочная динамика более предсказуема.

**Рекомендации по стратегии:**
- Не вкладывайте более 10% портфеля в драгметаллы, чтобы диверсифицировать риски.
- Используйте метод **регулярных покупок** (например, раз в полгода), чтобы снизить влияние волатильности.
- Избегайте частой покупки/продажи из-за комиссий и психологических ловушек.

Если вам нужны деньги раньше, лучше рассмотреть другие инструменты, например, облигации или вклады."
73,При каких условиях мобилизованный ИП может перейти на НПД?,"Мобилизованный индивидуальный предприниматель (ИП) может перейти на налог на профессиональный доход (НПД) при соблюдении следующих условий:

1. **Отсутствие наемных сотрудников** – у ИП не должно быть работников, за которых он бы отчислял налоги.
2. **Соблюдение лимита дохода** – профессиональный доход за год не должен превышать 2,4 млн рублей.
3. **Соответствие критериям самозанятости** – ИП должен соответствовать общим требованиям для самозанятых (например, не заниматься запрещенными видами деятельности, такими как перепродажа товаров чужого производства).

Переход на НПД можно оформить **в течение четырех месяцев после демобилизации**. В этом случае задолженность по налогам и другим обязательным платежам будет аннулирована.

Если у ИП нет сотрудников и он соответствует остальным критериям, он может зарегистрироваться в ФНС как самозанятый и начать платить НПД (4% с доходов от физлиц и 6% – от юрлиц и ИП)."
74,"Кому доступен банковский вклад, а кому положен имущественный вычет при покупке жилья?","Банковский вклад доступен всем гражданам, независимо от их налогового статуса или источника дохода. Однако имущественный вычет при покупке жилья положен только налоговым резидентам России, которые платят налог на доходы физических лиц (НДФЛ).

**Кому доступен имущественный вычет?**
1. **Налоговым резидентам РФ** – тем, кто проживает в России не менее 183 дней в году и платит НДФЛ.
2. **Официально трудоустроенным гражданам** – у них должен быть доход, с которого удерживается налог.
3. **Индивидуальным предпринимателям (ИП)** – только если они находятся на общей системе налогообложения (ОСНО). ИП на спецрежимах (УСН, ЕНВД, ПСН) и самозанятые не могут получить вычет, так как не платят НДФЛ.

**Кому вычет не положен?**
- Граждане, не являющиеся налоговыми резидентами РФ.
- Те, у кого нет официального дохода, облагаемого НДФЛ.
- Покупатели, приобретающие жилье у близких родственников (супруги, родители, дети, братья и сестры, опекуны и подопечные).

Таким образом, имущественный вычет – это налоговая льгота, доступная только тем, кто платит НДФЛ, в отличие от банковского вклада, который открыть может любой гражданин."
75,Какие документы подтверждают ваши права по онлайн-сделке на маркетплейсе в отличие от случая утери векселя?,"В случае онлайн-сделки на финансовом маркетплейсе выписка обо всех операциях, полученная через Госуслуги, заменяет традиционный бумажный договор и подтверждает ваши права. Эта выписка имеет юридическую силу и может быть использована, например, в споре со страховой компанией, при обращении к финансовому омбудсмену или в суде.

В отличие от этого, если вексель потеряется, его нужно будет доказывать в суде, предоставив, например, договор купли-продажи векселя. Вексель выписывается на бумаге и не хранится в электронном виде, поэтому его утеря усложняет подтверждение прав на него."
76,"Кто контролирует МФО, а кто — коллекторов?","Контроль за микрофинансовыми организациями (МФО) и коллекторами осуществляют разные регуляторы и саморегулируемые организации (СРО).

**Контроль за МФО:**
- **Банк России** следит за деятельностью микрофинансовых компаний (МФК), которые обязаны иметь большой собственный капитал, проходить аудит и соблюдать строгие требования регулятора.
- **Саморегулируемые организации (СРО)** контролируют микрокредитные компании (МКК). В России действуют две СРО для МФО: Союз «Микрофинансовый альянс» и СРО «МиР». Они проверяют, создают ли МКК резервы на случай непогашения долгов, и следят за их деятельностью. Банк России подключается к надзору за МКК только в особых случаях, например, если активы компании или сумма задолженности превышают 100 млн рублей.

**Контроль за коллекторами:**
- **Национальная ассоциация профессиональных коллекторских агентств (НАПКА)** — это СРО, которая контролирует деятельность коллекторских агентств. В нее входят легальные коллекторы, соблюдающие профессиональные стандарты.
- **Федеральная служба судебных приставов (ФССП)** может вмешаться, если коллекторы нарушают права должников.

Если у вас возникли проблемы с МФО или коллекторами, можно обратиться в соответствующие регуляторы или СРО."
77,"Что стоит внимательно проверить в договоре, если вы оформляете НПО в НПФ и если берете заем?","При оформлении **негосударственного пенсионного обеспечения (НПО) в НПФ** и **займа** важно проверить следующие моменты:

### **Для НПО в НПФ:**
1. **Срок фиксации инвестиционного дохода** – уточните, как часто фонд фиксирует прибыль (раз в год, 5 лет и т. д.). Это влияет на возможные потери, если инвестиции окажутся убыточными.
2. **Выкупная сумма** – проверьте, сколько именно вернется при расторжении договора. Она может быть меньше, чем сумма на счету.
3. **Условия реорганизации НПФ** – изучите, что произойдет с накоплениями, если фонд изменит статус или ликвидируется.
4. **Непонятные моменты** – если что-то неясно, уточните у НПФ до подписания договора.

### **Для займа (кредита):**
1. **Полная стоимость кредита (ПСК)** – проверьте значение в квадратной рамке на первой странице договора. Оно включает проценты и стоимость дополнительных услуг.
2. **Дополнительные услуги** – убедитесь, что они вам действительно нужны, иначе откажитесь. Недобросовестные компании могут включать их автоматически.
3. **Изменение ставки при отказе от услуг** – изучите таблицу с индивидуальными условиями, чтобы понять, как это повлияет на процент.
4. **Сумма займа** – убедитесь, что она соответствует заявленной, а не включает скрытые комиссии.
5. **Страховка** – если требуется, вы вправе выбрать другого страховщика, а не соглашаться на предложение кредитора.

Если в договоре есть неясные формулировки, попросите разъяснений у сотрудника организации."
78,Как начисляются проценты и штрафы во время кредитных каникул по санкциям и по мобилизации?,"Во время кредитных каникул по санкциям и по мобилизации действуют следующие правила:

1. **Проценты**:
   - По **бизнес-кредитам и займам** проценты продолжают начисляться по ставке, указанной в договоре. Набежавшие проценты прибавляются к основному долгу, что увеличивает количество платежей после окончания каникул.
   - По **потребительским кредитам и займам** ставка не может превышать 2/3 от среднерыночного значения полной стоимости кредита на дату обращения за отсрочкой, но не выше ставки, прописанной в договоре.

2. **Штрафы и пени**:
   - В период каникул штрафы и пени **не начисляются** и их размер **заморозят**. После окончания льготного периода их придется выплатить.
   - Для участников СВО и мобилизованных, а также их семей, кредиторы также **спишут** все неустойки, начисленные с 24 февраля по 7 октября 2022 года.

3. **Дополнительные ограничения**:
   - Кредитор не может требовать досрочного погашения долга, взыскивать залог или обращаться к поручителю.
   - Пропуск платежей в этот период **не портит кредитную историю**.

Если у вас есть дополнительные вопросы, уточните их!"
79,"Почему внебиржевые сделки рискованнее, чем торговля на бирже?","Внебиржевые сделки с ценными бумагами рискованнее, чем торговля на бирже по нескольким причинам:

1. **Отсутствие контроля и прозрачности**
   На бирже сделки проходят под контролем регуляторов, а цены формируются на основе спроса и предложения. Внебиржевые сделки не проверяются биржами, и стоимость бумаг может сильно отличаться от рыночной.

2. **Риск мошенничества**
   При внебиржевой торговле без лицензированных посредников (например, брокеров) велика вероятность столкнуться с мошенниками, которые могут обмануть инвестора.

3. **Отсутствие гарантий исполнения сделок**
   Биржа гарантирует выполнение обязательств по контрактам, даже если одна из сторон откажется платить. Внебиржевые сделки не имеют такой защиты, и в случае проблем с контрагентом инвестор может потерять деньги.

4. **Сложность оценки рисков**
   Биржа предоставляет информацию о компаниях-эмитентах, что помогает инвесторам оценивать надежность активов. Внебиржевые сделки часто связаны с бумагами компаний, которые не проходят такую проверку, что усложняет прогнозирование прибыли или убытков.

Таким образом, внебиржевая торговля сопряжена с повышенными рисками из-за отсутствия регулирования, прозрачности и гарантий."
80,Как проверить полис ОСАГО через НСИС?,"Чтобы проверить полис ОСАГО через Национальную страховую информационную систему (НСИС), выполните следующие шаги:

1. **Зайдите на сайт НСИС** – введите серию и номер полиса в соответствующие поля на главной странице.
2. **Проверьте информацию** – в открывшемся окне вы увидите:
   - Название страховой компании.
   - Данные автомобиля (марка, модель, VIN-код, госномер).
   - Статус договора (действует ли он на текущую дату).

Если полис еще не вступил в силу, проверьте его в **личном кабинете НСИС**. Для входа используйте авторизацию через Госуслуги или онлайн-банк.

Если полис не найден или в нем есть ошибки, свяжитесь со страховой компанией или НСИС для уточнения. В случае подозрения на мошенничество обратитесь в полицию."
81,Есть ли госгарантия возврата средств при крахе брокера либо при исключении МФО из реестра?,"Нет, в случае краха брокера или исключения МФО из реестра государство не гарантирует возврат средств.

1. **Брокеры**: Вклады в брокерские компании не защищены системой страхования вкладов. Если брокер обанкротится, вы рискуете потерять часть или все средства, так как закон о рынке ценных бумаг не гарантирует их возврата. Даже если брокер сам сдаст лицензию, процесс возврата активов может занять время, и не всегда удастся вернуть все деньги.

2. **МФО**: Инвестиции в микрофинансовые организации не застрахованы государством. Если МФО исключена из реестра или обанкротится, шансы на полный возврат вложений минимальны. В таких случаях можно попытаться вернуть средства через судебные разбирательства, но гарантий нет.

Для защиты своих средств рекомендуется:
- Не держать деньги долго на брокерском счете, а вкладывать их в ценные бумаги или выводить на банковский счет.
- Открывать сегрегированные счета, чтобы ограничить доступ брокера к вашим средствам.
- Проверять надежность МФО перед инвестированием."
82,"Что происходит дальше, если должник отказывается от общения с коллекторами?","Если должник отказывается от общения с коллекторами, то:

1. **Кредитор может подать в суд** – если должник игнорирует требования о погашении долга, кредитор вправе обратиться в суд. Суд, скорее всего, вынесет решение в пользу кредитора, особенно если договор был оформлен законно.

2. **Взыскание долга через судебных приставов** – после вынесения судебного решения дело передается судебным приставам. Они имеют право арестовать счета, описать имущество и продать его для погашения долга.

3. **Долг продолжает расти** – пока должник не погашает задолженность, на нее накапливаются пени и штрафы, увеличивая общую сумму.

4. **Ограничение контактов с коллекторами** – должник может официально отказаться от общения с коллекторами, направив соответствующее заявление через нотариуса, заказным письмом или лично под расписку. Однако это не отменяет сам долг.

5. **Риск мошенничества** – некоторые «раздолжнители» предлагают списать долг за комиссию, но такие сделки могут быть незаконными. Лучше обратиться к официальным методам, например, к банкротству.

Если коллекторы нарушают закон (звонят после 22:00, общаются с родственниками без согласия и т. д.), можно пожаловаться в ФССП, Роспотребнадзор или Роскомнадзор."
83,Какие инструменты подойдут для консервативного накопления на срок от трех лет и с чего лучше начинать инвестору‑новичку?,"Для консервативного накопления на срок от трёх лет и для начинающих инвесторов подойдут следующие инструменты:

1. **Банковские вклады** – безопасный и надёжный способ, но с низкой доходностью, которая может не покрывать инфляцию.
2. **Облигации** – государственные (ОФЗ) и корпоративные с высоким рейтингом. Они обеспечивают стабильный доход и минимальные риски.
3. **Акции надёжных компаний** – лучше выбирать крупные компании с регулярными дивидендами.
4. **Паи инвестиционных фондов (ПИФы)** – позволяют диверсифицировать вложения, но требуют внимательного изучения условий договора.
5. **Драгоценные металлы** – защищают от инфляции, но их цена может сильно колебаться в краткосрочной перспективе.

**С чего начать новичку?**
Лучше выбрать **наименее рискованные инструменты**, такие как:
- **ОФЗ** (государственные облигации) – доходность известна заранее, риски минимальны.
- **Корпоративные облигации с высоким рейтингом** – более доходные, чем ОФЗ, но с небольшим риском.
- **Банковские вклады** – если важна гарантированная сохранность средств.

Также можно рассмотреть **индивидуальный инвестиционный счёт (ИИС)** с налоговыми льготами, если планируется долгосрочное инвестирование (от 3 лет).

**Важно:**
- Диверсифицировать портфель, чтобы снизить риски.
- Постепенно изучать рынок и переходить к более сложным инструментам.
- Следить за инфляцией и корректировать стратегию при необходимости."
84,"Что делать, если пришло сообщение о блокировке карты с просьбой перезвонить по незнакомому номеру?","Если вам пришло сообщение о блокировке карты с просьбой перезвонить по незнакомому номеру, **не перезванивайте** и не следуйте инструкциям из такого сообщения. Это может быть попытка мошенничества.

**Что делать:**
1. **Не паникуйте** — блокировка карты часто является мерой безопасности, и ваши деньги остаются на счете.
2. **Не перезванивайте** по указанному в сообщении номеру — он может принадлежать мошенникам.
3. **Проверьте информацию** — позвоните в банк по **официальному номеру горячей линии** (он указан на обратной стороне карты или на сайте банка).
4. **Уточните причину блокировки** — сотрудник банка подтвердит, действительно ли карта заблокирована, и объяснит, как действовать дальше.
5. **Будьте осторожны** — мошенники могут подделывать номера и звонки, поэтому всегда проверяйте информацию через официальные каналы связи.

Если вы уже перезвонили по незнакомому номеру и сообщили данные карты, **срочно свяжитесь с банком** и заблокируйте карту."
85,Как меняется выплата по ОСАГО при европротоколе в зависимости от фотофиксации либо разногласий?,"Выплата по ОСАГО при оформлении ДТП по европротоколу зависит от двух ключевых факторов: наличия фотофиксации и наличия разногласий между участниками аварии. Вот как меняется размер компенсации в разных ситуациях:

1. **Максимальная выплата (400 000 рублей)**:
   - Участники ДТП договорились об обстоятельствах аварии и перечне повреждений.
   - Провели фотофиксацию через специальное мобильное приложение (например, «Помощник ОСАГО» или «Госуслуги Авто»).

2. **Сниженная выплата (200 000 рублей)**:
   - Есть разногласия между водителями (например, по виновнику или повреждениям).
   - Проведена фотофиксация через приложение.
   - В спорных случаях страховая компания может разделить эту сумму между участниками.

3. **Минимальная выплата (100 000 рублей)**:
   - Участники договорились, но не провели фотофиксацию через приложение.

4. **Отсутствие выплаты**:
   - Есть разногласия, но нет фотофиксации.
   - У виновника нет действующего полиса ОСАГО.

Если повреждения серьезные, а условия для европротокола не соблюдены, лучше вызвать сотрудников ГИБДД — тогда максимальная выплата составит 400 000 рублей."
86,Почему заявления о страховке в МФО не гарантируют возврат вложений?,"Заявления о страховке в микрофинансовых организациях (МФО) не гарантируют возврат вложений по нескольким причинам:

1. **Страховка не защищает вложения инвесторов**. МФО могут застраховать свое имущество, ответственность руководителей или риски, связанные с банкротством банков-партнеров, но не ваши инвестиции. Если компания обанкротится, страховка не гарантирует возврат вложенных средств.

2. **Страховые суммы не покрывают все вложения**. Даже если у МФО есть страховка от банкротства, ее размер обычно невелик. Например, страховая компания может выплатить всего 3 млн рублей, в то время как суммарные вложения инвесторов могут достигать 30 млн рублей. Это означает, что каждый инвестор получит обратно лишь часть своих средств.

3. **Страховка может перестать действовать при финансовых трудностях**. Как только МФО начинает испытывать финансовые проблемы, она в первую очередь отказывается от страховки. К моменту официального банкротства полис, скорее всего, уже недействителен.

4. **Маркетинговые уловки**. Некоторые МФО используют заявления о страховке как маркетинговый ход, чтобы привлечь инвесторов. На самом деле такие заявления часто не соответствуют реальности, и инвесторы не могут рассчитывать на полный возврат средств.

Таким образом, даже наличие страховки не гарантирует защиту вложений в МФО, и инвесторам следует внимательно изучать условия договора и оценивать риски."
87,"Чем отличаются госгарантии для вкладов, пенсионных накоплений в НПФ, полисов НСЖ по защите суммы?","Государственные гарантии для вкладов, пенсионных накоплений в НПФ и полисов НСЖ (накопительного страхования жизни) различаются по механизмам защиты и лимитам компенсаций.

1. **Банковские вклады**:
   - Застрахованы государством через Агентство по страхованию вкладов (АСВ).
   - Максимальная компенсация — **1,4 млн рублей** (на 2023 год) на одного вкладчика в одном банке.
   - Если банк обанкротится, выплаты происходят быстро (обычно в течение нескольких месяцев).

2. **Пенсионные накопления в НПФ**:
   - **Обязательная пенсия**: Взносы гарантированно сохраняются, даже если НПФ обанкротится. Деньги переведут в Социальный фонд России (СФР).
   - **Дополнительная пенсия (ПДС)**: Застрахованы в пределах **2,8 млн рублей**, включая инвестиционный доход. Если НПФ обанкротится, АСВ компенсирует сумму, но выплаты могут быть ограничены (например, до четырех социальных пенсий по старости).
   - Если уже получаете пенсию, выплаты продолжатся, но могут измениться в зависимости от финансового состояния фонда.

3. **Полисы НСЖ**:
   - **Не застрахованы государством**. Если страховая компания обанкротится, выкупная сумма может быть выплачена в течение полугода, но без гарантии полного возврата.
   - Доходность по НСЖ может быть ниже банковского вклада, и она не гарантирована.

**Вывод**:
- Банковские вклады — самая надежная и быстрая защита.
- Пенсионные накопления в НПФ частично застрахованы, но с ограничениями.
- Полисы НСЖ не имеют государственных гарантий, поэтому риски выше."
88,"В каких случаях выгоднее созаемщик, а не поручитель, для снижения ставки либо увеличения суммы?","Созаемщик выгоднее поручителя в следующих случаях:

1. **Для снижения процентной ставки** – если у созаемщика хороший и стабильный доход, а также положительная кредитная история, банк может предложить более выгодные условия, включая снижение ставки. Поручитель же почти никогда не влияет на процентную ставку.

2. **Для увеличения суммы кредита** – доход созаемщика учитывается банком при расчете максимальной суммы кредита. Чем выше общий доход всех созаемщиков, тем больше сумму можно получить. Поручитель же не влияет на размер кредита.

3. **Для повышения шансов на одобрение** – если у основного заемщика недостаточный доход или плохая кредитная история, привлечение созаемщика с хорошими финансовыми показателями увеличивает вероятность одобрения кредита.

4. **Для совместного использования кредита** – если кредит оформляется на несколько человек (например, на семью или бизнес-партнеров), созаемщики могут распределять между собой выплаты, что удобно для совместных проектов.

Таким образом, созаемщик полезен, когда нужно улучшить условия кредита, а поручитель – лишь дополнительная гарантия для банка, не влияющая на параметры займа."
89,"Как работают структурные облигации, привязанные к цене золота?","Структурные облигации, привязанные к цене золота, работают следующим образом:

1. **Номинал и купоны привязаны к цене золота**:
   - Номинал таких облигаций соответствует определенному количеству золота (например, 1 грамму). Цена выпуска и погашения определяется по учетным ценам драгметаллов, установленным Банком России.
   - Купонный доход выражается в процентах от номинала, но его точная сумма в рублях фиксируется только в день выплаты.

2. **Возможность дохода**:
   - Инвестор может заработать как на росте цены золота, так и за счет купонного дохода.
   - Однако к моменту погашения облигации цена золота может снизиться, и выждать более выгодный момент не получится.

3. **Условия выплат**:
   - Выплаты зависят от изменения цены золота. Например, если цена металла вырастет, инвестор получит дополнительный доход. Если же цена упадет, выплаты могут быть снижены или отсутствовать.
   - В некоторых случаях эмитент гарантирует возврат части номинала, если условия не выполнены.

4. **Риски и ограничения**:
   - Структурные облигации считаются сложным инструментом, и для их покупки может потребоваться статус квалифицированного инвестора или прохождение тестирования.
   - В периоды нестабильности на рынке даже при росте цены золота бумаги компаний, связанных с его добычей, могут дешеветь.

Таким образом, такие облигации сочетают в себе элементы инвестирования в золото и облигационные выплаты, но с повышенными рисками и сложными условиями."
90,Почему инвестиции в себя считаются выгодными?,"Инвестиции в себя считаются выгодными по нескольким причинам:

1. **Развитие человеческого капитала** – это вложения в знания, навыки, здоровье и таланты, которые могут принести доход в будущем. Например, обучение новым профессиям, изучение языков или повышение квалификации повышает шансы на карьерный рост и увеличение дохода.

2. **Долгосрочная перспектива** – даже если сразу не удается вернуть вложенные средства, такие инвестиции приносят ценные знания и опыт. Например, курсы рисования или игры на гитаре могут не стать основным источником дохода, но расширят кругозор и помогут найти занятие по душе.

3. **Гибкость и адаптивность** – чем больше навыков и знаний у человека, тем легче ему адаптироваться к изменениям на рынке труда и находить новые возможности для заработка.

4. **Повышение личной эффективности** – инвестиции в здоровье (спорт, правильное питание) и образование (курсы, тренинги) делают человека более продуктивным, что также может привести к росту дохода.

5. **Вклад в будущую пенсию** – чем раньше начать вкладывать в себя, тем больше шансов построить успешную карьеру, что в итоге повлияет на размер пенсионных накоплений.

Таким образом, инвестиции в себя – это не просто расходы, а стратегические вложения, которые могут принести пользу как в финансовом, так и в личном плане."
91,Чем отличается остановка операции от блокировки счета по 115‑ФЗ?,"Остановка операции и блокировка счета по 115-ФЗ — это разные меры, которые банк применяет в зависимости от степени подозрительности действий клиента.

1. **Остановка операции** — это временная приостановка конкретного платежа, который банк посчитал подозрительным. Например, если компания переводит крупную сумму без указания назначения платежа, банк может заблокировать только эту операцию. Клиент сохраняет доступ к счету и может продолжать другие транзакции. Обычно такая блокировка действует максимум двое суток, пока банк проверяет законность операции.

2. **Блокировка счета** — это более жесткая мера, применяемая, когда банк подозревает клиента в отмывании денег или финансировании терроризма. В этом случае доступ к счету ограничивается полностью, и клиент не может проводить никакие операции, кроме обязательных (например, уплата налогов или зарплат). Если банк дважды в течение года останавливал операции по 115-ФЗ, он вправе расторгнуть договор и закрыть счет, но при этом обязан вернуть все деньги без комиссий.

Таким образом, остановка операции — это временная мера, а блокировка счета — более серьезное ограничение, связанное с высоким риском."
92,"Почему за наличную валюту стоит идти в банк, а не к брокеру?","За наличную валюту лучше обращаться в банк, а не к брокеру, по нескольким причинам:

1. **Легальность и безопасность**. Обмен наличной валюты разрешен только в банках или через их банкоматы. Все остальные способы (включая обмен через брокеров) незаконны и рискованны.

2. **Отсутствие комиссий за наличные**. Брокеры не выдают наличные — они работают только с безналичными переводами, за которые взимают комиссию. В банке можно получить наличные без дополнительных затрат.

3. **Защита от мошенничества**. Нелегальные обменники (включая серые схемы через брокеров) могут обмануть с курсом или выдавать фальшивые купюры. Банки, в отличие от них, проверяют подлинность денег.

4. **Гарантии и страховка**. Деньги на банковских счетах застрахованы государством (до 1,4 млн рублей), а брокеры не предоставляют такой защиты.

5. **Доступность и удобство**. Банки принимают наличные без комиссии, а брокеры работают только с безналичными операциями, что менее удобно для получения наличных.

Таким образом, банк — самый надежный и законный способ обмена наличной валюты."
93,Как отличаются кредитные каникулы для мобилизованных ИП от каникул для МСП из санкционных отраслей?,"Кредитные каникулы для мобилизованных ИП и МСП из санкционных отраслей имеют несколько ключевых различий:

1. **Основания для получения**:
   - **Мобилизованные ИП** могут получить отсрочку платежей по кредитам, если они призваны на военную службу. При этом вид бизнеса не имеет значения.
   - **МСП из санкционных отраслей** (например, сельское хозяйство, туризм, медицина, IT и др.) могут получить каникулы, если их деятельность пострадала от санкций.

2. **Сроки каникул**:
   - **Мобилизованные ИП** получают отсрочку на срок военной службы плюс 30 дней (или на весь срок госпитализации после демобилизации).
   - **МСП из санкционных отраслей** могут отложить платежи на срок до полугода (до 31 декабря 2023 года).

3. **Условия для МСП**:
   - Компания должна быть зарегистрирована как ООО, входить в реестр МСП, иметь единственного учредителя и руководителя, призванного по мобилизации.
   - Для МСП из санкционных отраслей дополнительных ограничений по форме собственности нет.

4. **Начисление процентов**:
   - В обоих случаях проценты по кредитам продолжают начисляться и прибавляются к основному долгу после окончания каникул.

Таким образом, основные различия заключаются в причинах получения каникул, сроках и некоторых формальных требованиях."
94,Почему при возврате денег за страховку сумма бывает меньше из‑за комиссий посредников?,"При возврате денег за страховку сумма может быть меньше из-за комиссий, которые удерживают посредники (например, банки или страховые агенты). Вот основные причины:

1. **Комиссия посредника** – если страховка была оформлена через банк или другого посредника, они могут удерживать часть суммы (иногда до 70–80% от стоимости полиса). Например, если полис стоил 10 000 рублей, а комиссия банка составила 7 000 рублей, то при досрочном расторжении вам вернут только разницу (3 000 рублей) пропорционально оставшемуся сроку.

2. **Отсутствие возврата комиссии** – посредники не обязаны возвращать свою комиссию, даже если вы расторгаете договор досрочно. Это значит, что вы получите только часть суммы, уплаченной страховой компании, без учета удержанных посредником средств.

3. **Период охлаждения** – если вы отказываетесь от страховки в течение 14–30 дней (в зависимости от условий), банк может вернуть всю сумму, включая комиссию. Но после этого срока возвращают только часть стоимости полиса, пропорционально оставшемуся сроку, без учета комиссии.

Таким образом, из-за высоких комиссий посредников фактическая сумма возврата может быть значительно меньше, чем вы заплатили изначально."
95,Чем отличаются гранты от льготных кредитов по обязательствам по возврату средств?,"Гранты и льготные кредиты различаются по обязательствам по возврату средств:

1. **Гранты** — это целевое финансирование, которое не требует возврата. Однако средства можно потратить только на цели, указанные в условиях выдачи. Если деньги будут использованы не по назначению, их придется вернуть, а предпринимателя могут исключить из числа кандидатов на господдержку в будущем.

2. **Льготные кредиты** — это заемные средства, которые необходимо вернуть банку или кредитору в соответствии с условиями договора. Они выдаются под сниженные процентные ставки и могут быть направлены на развитие бизнеса, пополнение оборотных средств или рефинансирование долгов. В отличие от грантов, кредиты требуют обязательного возврата с процентами.

Таким образом, ключевое отличие заключается в том, что гранты не нужно возвращать (при соблюдении условий), а льготные кредиты подлежат обязательному погашению."
96,Чем факторинг отличается от банковского кредита по обеспечению?,"Факторинг и банковский кредит различаются по обеспечению следующим образом:

1. **Отсутствие залога**
   В отличие от кредита, где залог (например, имущество или поручительство) часто требуется для обеспечения возврата средств, в факторинге залогом выступает дебиторская задолженность (будущая выручка). Это означает, что бизнес не должен предоставлять дополнительные гарантии или закладывать имущество.

2. **Риски неплатежей**
   В кредите риски невыплаты ложатся на заемщика, а в факторинге они могут распределяться между поставщиком и факторинговой компанией в зависимости от условий договора (например, в регрессном факторинге поставщик несет ответственность за неплатежи клиента).

3. **Быстрота и доступность**
   Факторинг позволяет получить деньги быстрее, так как не требует длительной оценки залога или поручителей. Это особенно полезно для бизнеса с отсрочкой платежей, где важно поддерживать оборотные средства.

Таким образом, факторинг предлагает более гибкие условия по обеспечению по сравнению с традиционным кредитом."
97,"Какую роль играет Агентство по страхованию вкладов в защите вкладчиков банков, а также клиентов страховщиков?","Агентство по страхованию вкладов (АСВ) играет ключевую роль в защите прав вкладчиков и клиентов страховщиков в России. Вот основные функции АСВ:

1. **Защита вкладов в банках**:
   - АСВ гарантирует возмещение вкладчикам при отзыве лицензии у банка или введении моратория на удовлетворение требований кредиторов.
   - Максимальная сумма компенсации составляет **1,4 млн рублей** по всем счетам и вкладам в одном банке, включая проценты.
   - Если у банка отозвана лицензия, АСВ организует выплаты через банки-агенты, которые публикуются на сайте АСВ.
   - В некоторых случаях возможна повышенная страховка до **10 млн рублей**.

2. **Управление банкротством страховщиков**:
   - Если страховая компания не может выполнить обязательства перед клиентами, АСВ проводит ревизию ее финансового состояния.
   - В случае недостатка средств АСВ оценивает активы компании, продает имущество и распределяет вырученные средства между клиентами.
   - Клиенты страховщиков могут подать заявление в АСВ для участия в процессе выплат.

3. **Контроль и регулирование**:
   - АСВ действует под контролем Правительства и Банка России.
   - Оно ведет реестр банков-участников системы страхования вкладов (ССВ) и управляет Фондом обязательного страхования вкладов (ФОСВ).
   - Если средств фонда недостаточно, их пополняют за счет федерального бюджета или кредитов Банка России.

Таким образом, АСВ обеспечивает финансовую стабильность и защиту средств вкладчиков и клиентов страховщиков в России."
98,Как налогообложение дохода сотрудников на УСН соотносится с пределом удержаний при взыскании долгов?,"На УСН налог на доходы сотрудников составляет 13% от дохода, если он меньше 2,4 млн рублей за год, и от 15 до 22% с суммы, превышающей этот лимит.

При взыскании долгов по закону «Об исполнительном производстве» из зарплаты или других выплат можно удерживать не более 50% (в редких случаях — 70%) от суммы. Однако некоторые выплаты защищены от взыскания, включая алименты, материнский капитал, пенсии по потере кормильца, материальную помощь и компенсации.

Таким образом, налог на доходы сотрудников (НДФЛ) удерживается в стандартном порядке, а взыскание долгов ограничено законом, чтобы защитить минимальный доход работника."
99,Защищены ли деньги на счете эскроу при покупке строящегося жилья?,"Да, деньги на счете эскроу при покупке строящегося жилья защищены. Вот ключевые моменты:

1. **Государственная защита**: Средства на счете эскроу застрахованы государственной системой страхования вкладов. Максимальный размер возмещения составляет **10 млн рублей**. Если банк, в котором открыт счет, лишится лицензии, вы сможете вернуть свои деньги в течение нескольких недель.

2. **Защита от рисков застройщика**: Деньги на эскроу переходят к застройщику только после сдачи объекта. Если компания обанкротится или не завершит строительство, вы сможете забрать всю внесенную сумму без дополнительных действий.

3. **Срок действия защиты**: Защита начинается с момента внесения денег на счет и действует до момента передачи средств застройщику после сдачи жилья.

Таким образом, счет эскроу минимизирует риски как со стороны банка, так и со стороны застройщика."
100,Какие меры снижают риск кражи денег при расчетах на сайтах объявлений?,"Для снижения риска кражи денег при расчетах на сайтах объявлений рекомендуется соблюдать следующие меры:

1. **Используйте безопасные платежные сервисы** – оплачивайте товары через платежные системы, встроенные в сервис объявлений. Деньги резервируются и переводятся продавцу только после получения товара.

2. **Не переходите по подозрительным ссылкам** – не кликайте на ссылки из сообщений или чатов, даже если они выглядят официальными. Мошенники могут перенаправить вас на фишинговые сайты.

3. **Проверяйте адресную строку** – убедитесь, что сайт начинается с **https://** и имеет значок замка. Поддельные сайты могут отличаться от оригинальных всего одним символом.

4. **Не сообщайте реквизиты карты** – не вводите данные карты на сторонних сайтах, особенно если вас просят указать CVV-код.

5. **Используйте защищенные платежные технологии** – ищите логотипы **MasterCard SecureCode, Visa Secure или Mir Accept**. Они требуют подтверждения покупки через СМС-код.

6. **Подключите уведомления об операциях** – активируйте СМС или push-уведомления, чтобы сразу заметить подозрительные транзакции.

7. **Пользуйтесь наложенным платежом** – если нет возможности оплатить лично, отправляйте товар наложенным платежом, чтобы деньги поступили только после получения заказа.

8. **Не переводите деньги заранее** – дождитесь подтверждения от банка о зачислении средств.

9. **Установите антивирус** – защитите устройства от вредоносных программ, которые могут красть данные карт.

10. **Не передавайте конфиденциальную информацию** – не сообщайте посторонним пароли, коды из СМС и другие личные данные.

Соблюдение этих правил поможет минимизировать риски мошенничества при онлайн-покупках."
101,Почему неквалифицированным инвесторам сейчас рискованно покупать иностранные бумаги через российских посредников?,"Неквалифицированным инвесторам (неквалам) сейчас рискованно покупать иностранные бумаги через российских посредников по нескольким причинам:

1. **Риск блокировки активов** – Из-за санкций более 5 млн российских инвесторов уже столкнулись с заморозкой своих иностранных акций и облигаций. Это означает, что они не могут продать бумаги или получать по ним доход.

2. **Ограничения для неквалифицированных инвесторов** – По рекомендации Банка России многие брокеры ввели ограничения: неквалы могут только продавать, но не покупать зарубежные акции. С 1 января 2025 года доступны только бумаги иностранных эмитентов из стран ЕАЭС.

3. **Риски при работе с ETF** – Иностранные ETF, торгующиеся на российских биржах, связаны с недружественными странами, что увеличивает вероятность их блокировки. Неквалифицированным инвесторам такие фонды недоступны.

4. **Проблемы с зарубежными сделками** – Если неквалифицированный инвестор попытается купить иностранные активы через зарубежные биржи, это связано с дополнительными рисками, включая возможную блокировку счетов и сложности с защитой прав.

Таким образом, из-за высоких рисков блокировки и ограничений со стороны регуляторов покупка иностранных бумаг через российских посредников для неквалифицированных инвесторов сейчас крайне небезопасна."
102,Сколько максимально вернут по соцвычету и по взносам на ИИС при ставке НДФЛ 22%,"При ставке НДФЛ 22% максимальная сумма возврата по налоговым вычетам будет следующей:

1. **Социальный вычет** – до 33 000 рублей (150 000 × 22%).
2. **Вычет на взносы в ИИС-3, ПДС и добровольные пенсии** – до 88 000 рублей (400 000 × 22%).

Важно учитывать, что сумма возврата не может превышать фактически уплаченный НДФЛ за год."
103,Можно ли без потерь забрать деньги из НСЖ или ИСЖ после покупки полиса?,"Да, можно вернуть деньги без потерь, но только в течение **периода охлаждения**.

Для **НСЖ (накопительного страхования жизни)**:
- Если полис с **разовой оплатой**, период охлаждения — **30 дней** с момента покупки.
- Если полис с **регулярными взносами**, период охлаждения длится **до перечисления третьего платежа**, но не менее **4 недель**.
- Если разовый платеж или сумма первых двух взносов **1,5 млн рублей и выше**, период охлаждения сокращается до **14 дней**.

Для **ИСЖ (инвестиционного страхования жизни)**:
- Период охлаждения обычно составляет **14 дней** после покупки.

После окончания этого срока досрочное расторжение договора приведет к потере части или всех вложений, так как выкупная сумма может быть меньше внесенных взносов, а инвестиционный доход не выплачивается."
104,За счет чего банки обеспечивают выплаты кешбэка?,"Банки обеспечивают выплаты кешбэка за счет комиссий, которые магазины и продавцы платят за безналичные платежи. Когда вы расплачиваетесь картой, магазин перечисляет комиссию банку-эквайеру (банку продавца). Часть этой комиссии идет банку-эмитенту (банку, выпустившему вашу карту). Банк-эмитент возвращает клиентам часть этой суммы в виде кешбэка, чтобы стимулировать использование карт и привлекать новых клиентов.

Кроме того, банки могут сотрудничать с крупными торговыми сетями, авиакомпаниями, отелями и другими партнерами, которые готовы возмещать часть стоимости покупок. В этом случае продавец компенсирует банку часть расходов, а банк возвращает клиенту в виде повышенного кешбэка."
105,"Когда разумнее выбрать микрозаем в МФО, а не льготный банковский кредит?","Выбрать микрозаем в МФО вместо льготного банковского кредита разумнее в следующих случаях:

1. **Нет времени на оформление кредита в банке** – МФО выдают займы быстрее, часто за несколько часов, а иногда даже без посещения офиса.
2. **Плохая кредитная история или отсутствие официального дохода** – МФО более лояльны к заемщикам с просрочками или без подтвержденного дохода, чем банки.
3. **Нужна небольшая сумма на короткий срок** – Если требуется до 500 000–1 000 000 рублей (в зависимости от типа МФО) и на срок до года, МФО могут быть удобнее.
4. **Отсутствие залога или нежелание его предоставлять** – В МФО можно взять заем без залога, в то время как банки часто требуют обеспечения.

Однако стоит помнить, что процентные ставки в МФО значительно выше, чем в банках, поэтому такой вариант выгоден только в экстренных ситуациях или при невозможности получить кредит в банке."
106,Чем отличается лимит пополнений ИИС-1/2 от лимита суммы взносов для вычета по ИИС-3?,"Лимит пополнений для ИИС-1 и ИИС-2 отличается от лимита суммы взносов для вычета по ИИС-3 следующим образом:

1. **Лимит пополнений для ИИС-1 и ИИС-2**:
   - Максимальная сумма, которую можно внести на ИИС-1 или ИИС-2 за год, составляет **1 млн рублей**.
   - Этот лимит относится к сумме взносов, но не влияет на размер налогового вычета. Например, для ИИС-1 вычет на взносы ограничен **400 000 рублей** в год, даже если вы внесете больше.

2. **Лимит суммы взносов для вычета по ИИС-3**:
   - Для ИИС-3 лимит взносов, с которых можно получить вычет, составляет **400 000 рублей** в год.
   - Однако сам лимит пополнения счета не ограничен — можно вносить любые суммы, но вычет будет рассчитан только с первых 400 000 рублей.
   - Этот лимит является общим для всех долгосрочных инструментов (ИИС-3, ПДС, НПО), то есть если вы внесете деньги на несколько счетов, общая сумма для вычета не должна превышать 400 000 рублей.

Таким образом, основное отличие в том, что для ИИС-1/2 есть жесткий лимит пополнения (1 млн рублей), а для ИИС-3 лимит взносов для вычета (400 000 рублей) не ограничивает общую сумму пополнения, но влияет только на размер возврата налога."
107,Как распределение накоплений между несколькими НПФ влияет на размер гарантированной защиты?,"Распределение накоплений между несколькими НПФ позволяет увеличить размер гарантированной защиты. Государство гарантирует возмещение до **2,8 млн рублей** на одного клиента в рамках одного фонда.

Если вы накопили больше этой суммы, то в случае банкротства НПФ вы можете потерять часть средств, превышающую лимит. Чтобы минимизировать риски, можно разделить сбережения между несколькими НПФ, чтобы в каждом из них сумма не превышала 2,8 млн рублей.

Также важно учитывать, что если вы уже получаете пенсию, выплаты продолжатся, но их размер может измениться, если они превышают **четыре социальные пенсии по старости**. В этом случае окончательная сумма зависит от финансового состояния прежнего фонда."
108,Как подтверждается подписание онлайн-кредита?,"Подписание онлайн-кредита подтверждается с помощью кода, который приходит в СМС или электронном письме. Этот код вводится в специальную форму на сайте банка, МФО или КПК, что считается вашей электронной подписью и подтверждением согласия с условиями кредитного договора.

Важно внимательно читать все документы перед вводом кода, так как одним кодом могут быть заверены несколько документов, включая разрешение на переуступку долга. Также стоит проверять, является ли сайт кредитора легальным (например, по наличию синего кружка с галочкой в поисковых системах), и внимательно изучать условия договора, чтобы избежать подписания ненужных услуг."
109,"Если бизнес не проходит по условиям льготного кредитования, какой инструмент позволит профинансировать оборудование на спецусловиях?","Если ваш бизнес не подходит под условия льготного кредитования, но вам нужно профинансировать оборудование на специальных условиях, рассмотрите следующие варианты:

1. **Льготный лизинг**
   - **Корпорация МСП** предлагает лизинг оборудования по ставкам 6% (для российского) и 8% (для иностранного) годовых. Программа доступна малым и микропредприятиям в обрабатывающих отраслях и легкой промышленности. Сумма лизинга — до 50 млн рублей, срок — до 3 лет.
   - **Фонд развития промышленности (ФРП)** позволяет взять оборудование в лизинг по рыночным ставкам, но с возможностью получить низкопроцентный заем на первоначальный взнос.

2. **Гранты и субсидии**
   - Региональные власти могут выделять гранты на покупку оборудования, сырья или патента. Размер и условия зависят от программы и региона.
   - Молодые предприниматели могут получить грант до 500 000 рублей (до 1 млн в Арктической зоне) на развитие бизнеса, включая закупку оборудования.

3. **Микрозаемы по сниженным ставкам**
   - Некоторые программы позволяют оформить микрозаем на более выгодных условиях, чем рыночные.

4. **Госгарантии**
   - Государство может выступить поручителем по кредиту, что снизит ставку и упростит получение финансирования.

Для подбора подходящей программы посетите сайты **Корпорации МСП** и **портала «Мой бизнес»**, где можно узнать о доступных мерах поддержки в вашем регионе."
110,Как проверить СМС о «пополнении счета» на подлинность?,"Чтобы проверить подлинность СМС о «пополнении счета», следуйте этим шагам:

1. **Не перезванивайте и не переводите деньги сразу** – это может быть мошенническая схема.
2. **Проверьте баланс счета** через онлайн-банк или мобильное приложение банка.
3. **Запросите выписку** – в ней будет указано, кто и когда перевел деньги.
4. **Свяжитесь с банком** по официальному номеру (указан на карте или сайте) и уточните, действительно ли деньги поступили.
5. **Не переходите по ссылкам** из подозрительных сообщений и не вводите данные карты или коды из СМС.

Если деньги не поступили, а СМС пришло – это мошенники. Если перевод подтвердился, но вы не знаете отправителя, уточните у банка детали операции."
111,"Какой минимальный срок держать ИИС разных типов, чтобы сохранить право на налоговые льготы?","Минимальный срок владения ИИС для сохранения налоговых льгот зависит от типа счета:

1. **ИИС-1 и ИИС-2**:
   - Нельзя закрывать счет и выводить деньги **минимум 3 года**. Если снять средства раньше, придется вернуть налоговый вычет и заплатить НДФЛ с дохода.

2. **ИИС-3**:
   - Срок владения зависит от года открытия счета:
     - **2024–2026 годы** — не менее 5 лет.
     - **2027 год** — 6 лет.
     - **2028 год** — 7 лет.
     - **2029 год** — 8 лет.
     - **2030 год** — 9 лет.
     - **С 2031 года** — 10 лет.
   - В зачет идет только полный год владения. Например, если открыть ИИС-3 1 июля 2025 года, закрыть его можно не раньше 1 июля 2030 года.

3. **Особые случаи для ИИС-3**:
   - Если счет был преобразован из ИИС-1 или ИИС-2, к сроку владения добавляется до 3 лет владения старым счетом.
   - Деньги можно вывести на дорогостоящее лечение без потери льгот, если перевод идет напрямую на счет медицинской организации.

Для всех типов ИИС важно соблюдать установленные сроки, иначе налоговые льготы будут утрачены."
112,"Как проверить, что финансовый посредник или платформа действует легально, и куда жаловаться при проблемах с инвестиционной платформой?","Чтобы проверить легальность финансового посредника или инвестиционной платформы, проверьте на сайте Банка России, есть ли у организации разрешение на работу на финансовом рынке. Это поможет избежать мошеннических схем.

Если возникли проблемы с инвестиционной платформой, действуйте по следующему алгоритму:
1. **Отправьте претензию** на официальный адрес платформы. Она обязана ответить в течение 15 рабочих дней (если требуются дополнительные документы, срок может увеличиться до 25 дней).
2. **Если ответа нет или он вас не устроил**, подавайте жалобу в интернет-приемную Банка России. Также можно задать вопросы через мобильное приложение «ЦБ онлайн».
3. **При убытках по вине посредника** сначала отправьте претензию, а затем, если дело не урегулируется, обращайтесь в суд с исковым заявлением, приложив все подтверждающие документы.

Для защиты прав в случае мошенничества (например, финансовых пирамид) обращайтесь в полицию и прокуратуру."
113,Как банки получают госданные при онлайн-заявке на ипотеку?,"При подаче онлайн-заявки на ипотеку банки могут получать государственные данные о клиенте через технологию цифрового профиля. Для этого нужно авторизоваться через портал «Госуслуги» (с подтвержденной учетной записью) и дать согласие на запрос и обработку данных.

Банк мгновенно получает необходимую информацию из государственных информационных систем, а клиенту остается только проверить ее корректность. Это ускоряет процесс рассмотрения заявки — одобрение может быть получено за несколько часов или даже минут, так как данные уже проверены государством.

Данные передаются по закрытым каналам связи, а электронная подпись защищена от подделки."
114,Что произойдет с долгом при продаже залога дешевле задолженности: в автоломбарде против ипотеки?,"В случае продажи залога дешевле задолженности в автоломбарде или при ипотеке долг будет считаться погашенным, даже если выручка от продажи не покроет полную сумму задолженности.

**Для автоломбарда:**
Если ломбард продаст ваше имущество (например, автомобиль) дешевле суммы займа с процентами и штрафами, долг все равно будет считаться погашенным. Выручка от продажи пойдет в счет погашения долга, а оставшаяся сумма спишется.

**Для ипотеки:**
Если жилье продадут на торгах дешевле суммы задолженности, долг также будет считаться погашенным. Однако банк может попытаться взыскать оставшуюся сумму через суд, если это предусмотрено договором. В некоторых случаях суд может отказать в продаже заложенного имущества, если задолженность значительно меньше рыночной стоимости жилья, но долг все равно придется погасить другим способом (например, через взыскание другого имущества).

Таким образом, в обоих случаях долг списывается, но возможны дополнительные риски, особенно при ипотеке."
115,Почему низкая ставка по кредиту не гарантирует выгоду при покупке квартиры либо оборудования?,"Низкая ставка по кредиту не всегда гарантирует выгоду при покупке квартиры или оборудования по нескольким причинам:

1. **Скрытые надбавки к стоимости жилья**
   Когда застройщики или банки предлагают почти нулевые ставки, они часто компенсируют свои потери за счет завышения цены недвижимости. Например, стоимость квартиры может увеличиться на 10–30% по сравнению с рыночной. В итоге заемщик платит больше, так как фактически оплачивает проценты авансом, а не в течение срока кредита.

2. **Рост платежей после льготного периода**
   В случае субсидированной ипотеки первоначальные платежи могут быть ниже, но после окончания льготного периода ставка возвращается к рыночной, и ежемесячные выплаты резко увеличиваются. Это может привести к финансовой нагрузке, которую заемщик не ожидал.

3. **Долгий срок погашения**
   Из-за завышенной стоимости жилья сумма кредита растет, а значит, срок его выплаты увеличивается. В результате переплата по процентам может оказаться выше, чем при обычной ипотеке.

4. **Сложность продажи жилья**
   Если заемщик захочет продать квартиру сразу после покупки, он вряд ли вернет вложенные средства полностью из-за завышенной цены.

5. **Дополнительные условия и скрытые комиссии**
   Иногда низкая ставка связана с обязательным оформлением страховки или других услуг, стоимость которых включается в кредит. Это увеличивает общую сумму долга.

Таким образом, низкая ставка может быть маркетинговым ходом, и важно внимательно анализировать все условия кредита, чтобы понять реальную выгоду."
116,Почему не стоит отыгрываться на падающем рынке?,"Отыгрываться на падающем рынке не стоит по нескольким причинам:

1. **Риск усугубить убытки** – если рынок продолжает падать, попытки компенсировать потери могут привести к еще большим финансовым потерям. Лучше остановиться, пересмотреть стратегию и избежать эмоциональных решений.

2. **Психологический аспект** – стремление отыграться часто связано с азартом и импульсивностью, что мешает рациональному принятию решений. Это может привести к неоправданным рискам.

3. **Опасность использования кредитного плеча** – если инвестор использует заемные средства (например, кредитное плечо от брокера), он рискует не только потерять свои деньги, но и остаться должен брокеру.

4. **Правила управления рисками** – важно заранее определить допустимый уровень убытков (stop-loss) и придерживаться его, а не пытаться ""вернуть"" потери.

Эксперты рекомендуют в таких ситуациях сделать паузу, пересмотреть стратегию и действовать осознанно, а не поддаваться эмоциям."
117,Зачем для вклада выбирать надежный банк в конце года?,"Выбирать надежный банк для вклада в конце года особенно важно по нескольким причинам:

1. **Защита от инфляции** – Вклад позволяет сохранить сбережения, так как на них начисляются проценты, что помогает уберечь деньги от обесценивания.

2. **Гарантия возврата средств** – Вклады в банках, входящих в систему страхования вкладов (ССВ), защищены государством. Если у банка отзовут лицензию, вы получите до 1,4 млн рублей (а в некоторых случаях до 10 млн рублей) в течение нескольких дней.

3. **Избежание мошенничества** – В конце года, когда люди часто открывают вклады, риск столкнуться с недобросовестными банками или навязыванием других финансовых продуктов (например, страховок или инвестиций) возрастает. Надежный банк с хорошей репутацией снижает такие риски.

4. **Предсказуемость дохода** – В отличие от других финансовых инструментов, вклад гарантирует заранее известный процент, что особенно важно для тех, кто хочет сохранить и приумножить сбережения без риска.

5. **Удобство и доступность** – Надежные банки обычно предлагают удобные условия обслуживания, включая онлайн-банкинг и мобильные приложения, что упрощает управление вкладом.

Таким образом, выбор надежного банка в конце года помогает сохранить и приумножить сбережения с минимальными рисками."
118,Что делать при подозрительных списаниях по карте?,"При подозрительных списаниях по карте действуйте следующим образом:

1. **Немедленно заблокируйте карту**, чтобы предотвратить дальнейшие операции. Это можно сделать через мобильное приложение банка, звонок на горячую линию или в отделении банка.

2. **Опротестуйте операцию** в банке:
   - В тот же день или на следующий обратитесь в отделение банка.
   - Запросите выписку по счету и напишите заявление о несогласии с операцией.
   - Сохраните экземпляр заявления с отметкой банка.

3. **Обратитесь в полицию**, если сумма значительная или есть подозрения на мошенничество.

4. **Подключите СМС-оповещения** по карте, чтобы оперативно получать уведомления о всех операциях.

5. **Не перезванивайте по незнакомым номерам** и не переходите по подозрительным ссылкам, даже если вам пришло сообщение «из службы безопасности».

Если вы соблюдали правила безопасности (не передавали данные карты, не хранили ПИН-код вместе с картой), у вас есть шанс вернуть деньги. Банк обязан проверить операцию и отменить ее, если она была совершена без вашего согласия."
119,"Последствия затяжной просрочки по ипотеке, оптимальная тактика до суда?","Последствия затяжной просрочки по ипотеке могут быть серьезными, и важно действовать заранее, чтобы минимизировать риски. Вот основные последствия и оптимальная тактика до суда:

### **Последствия затяжной просрочки**
1. **Досрочное требование погашения кредита**
   Банк может потребовать досрочно погасить ипотеку, если:
   - вы задержали более трех платежей за год;
   - отказались от страховки залога или не оформили новую;
   - продали или подарили заложенную недвижимость без согласия банка;
   - нарушили условия содержания или ремонта жилья.

2. **Обращение в суд и продажа жилья**
   Если вы не погашаете долг, банк может обратиться в суд. После вынесения решения:
   - недвижимость выставят на торги (обычно по цене ниже рыночной);
   - если вырученных средств не хватит на погашение, банк вправе потребовать остаток;
   - новый собственник может выселить вас через суд.

3. **Взыскание долга через приставов**
   После решения суда приставы могут:
   - арестовать ваши счета и имущество;
   - ограничить выезд за границу.

4. **Выселение из жилья**
   Даже если в квартире проживают дети, инвалиды или пенсионеры, новый собственник вправе выселить вас через суд.

### **Оптимальная тактика до суда**
1. **Честно признаться банку**
   Если финансовые трудности не позволяют платить, лучше сразу сообщить об этом банку. Кредитор может предложить:
   - реструктуризацию долга (пересмотр графика платежей);
   - рефинансирование кредита;
   - временную отсрочку платежей.

2. **Продать ипотечную квартиру с согласия банка**
   Если ситуация безнадежна, лучше продать жилье самостоятельно, чем дожидаться принудительных торгов. Это позволит:
   - получить вырученные средства и погасить долг;
   - избежать продажи по заниженной цене.

3. **Избегать дополнительных нарушений**
   Не продавайте и не дарите заложенное жилье без согласия банка, иначе это станет основанием для досрочного взыскания.

4. **Не игнорировать судебные извещения**
   Если дело дошло до суда, важно явиться на заседания и попытаться договориться о приемлемом графике платежей.

**Вывод:** Лучше действовать до суда, чтобы сохранить контроль над ситуацией. Банк заинтересован в возврате долга, поэтому может пойти на уступки, если вы проявите инициативу."
120,Как повысить шансы на одобрение кредита без переплаты за ненужные услуги?,"Чтобы повысить шансы на одобрение кредита и избежать переплаты за ненужные услуги, следуйте этим рекомендациям:

1. **Проверьте условия перед подписанием договора**
   - Убедитесь, что сумма кредита соответствует заявленной, а дополнительные услуги не включены без вашего согласия.
   - Обратите внимание на полную стоимость кредита (ПСК) в квадратной рамке на первой странице договора. Если ПСК слишком высокая, подумайте, готовы ли вы к такой переплате.

2. **Откажитесь от ненужных услуг**
   - Если банк или МФО предлагают дополнительные сервисы (например, страховки, СМС-оповещения), которые вам не нужны, попросите их исключить из договора.
   - Не подписывайте документы, где такие услуги включены автоматически. Если кредитор настаивает, уточните, можно ли оплатить их отдельно, а не за счет кредита.

3. **Выбирайте страховку самостоятельно**
   - Если для кредита требуется страховка, вы вправе выбрать другого страховщика, а не соглашаться на предложение банка.

4. **Будьте осторожны с посредниками**
   - Не доверяйте объявлениям, где гарантируют кредит за плату (например, 3–5% от суммы). Это может быть мошенничество.

5. **Улучшайте кредитную историю**
   - Если у вас есть просрочки, возьмите небольшие кредиты (например, на бытовую технику) и строго соблюдайте график платежей. Это постепенно улучшит вашу кредитную историю.

6. **Сравнивайте предложения разных банков**
   - Перед подачей заявки изучите условия нескольких кредиторов, включая процентные ставки, комиссии и дополнительные услуги.

7. **Будьте внимательны с маркетинговыми уловками**
   - Не верьте обещаниям ""специальных цен"" на услуги, если их условия не прописаны четко. Всегда проверяйте итоговую сумму в договоре.

Следуя этим советам, вы сможете получить кредит на выгодных условиях и избежать лишних расходов."
121,"Куда обращаться при заниженной выплате, если страховщик проходит санацию?","При заниженной выплате от страховщика, проходящего санацию, рекомендуется действовать следующим образом:

1. **Направьте претензию страховой компании** – сначала отправьте письменную претензию на официальный адрес страховщика (электронный или почтовый). Укажите, что выплаченная сумма не соответствует условиям договора.

2. **Обратитесь к финансовому омбудсмену** – если страховщик не ответил в течение 15 рабочих дней или его ответ вас не устроил, подавайте жалобу финансовому уполномоченному. Его решения обязательны для исполнения страховыми компаниями.

3. **Подайте жалобу в Банк России** – параллельно или после обращения к омбудсмену можно направить жалобу в регулятор. Приложите к ней претензию, ответ страховщика (если он был) и другие подтверждающие документы.

4. **Следите за процедурой санации** – если страховая компания находится в санации, Банк России контролирует ее деятельность. В случае нарушений регулятор может принять меры, включая штрафы или отзыв лицензии.

Если решение омбудсмена или Банка России вас не устроит, вы вправе обратиться в суд."
122,Как оспорить списание по карте с учетом срока ответа банка?,"Чтобы оспорить списание по карте, следуйте этим шагам:

1. **Обратитесь в банк**
   - Напишите заявление о спорной операции в банк, который выпустил вашу карту. Это можно сделать лично в отделении, через личный кабинет или электронную почту (если банк поддерживает такую возможность).
   - Приложите к заявлению документы, подтверждающие вашу позицию (например, чек, переписку с продавцом, скриншоты).

2. **Сроки рассмотрения**
   - Банк обязан рассмотреть ваше заявление и дать ответ в течение **30 дней**, если операция была внутри страны, или **60 дней**, если за границей.
   - Если банк не вернул деньги в установленный срок, вы можете подать письменное требование о возврате. В этом случае банк обязан вернуть деньги в течение **7 дней**.

3. **Чарджбэк (если операция с продавцом)**
   - Если деньги списали за товар или услугу, которые вы не получили или не оплачивали, банк может инициировать процедуру чарджбэка (возврат средств через платежную систему).
   - Банк передаст ваше заявление в банк продавца, который должен вернуть деньги.

4. **Если банк отказывает**
   - Если банк отказывает в возврате или затягивает сроки, вы можете пожаловаться в **Банк России**, приложив копию заявления и ответа банка (или его отсутствие).

5. **Дополнительные меры**
   - Если списание связано с мошенничеством, заблокируйте карту и напишите заявление о несогласии с операцией в течение **следующего дня** после уведомления банка.
   - В случае проблем с банком или продавцом можно обратиться в **Роспотребнадзор, ФАС или другие регуляторы**.

Сроки и процедуры могут варьироваться в зависимости от ситуации, но банк обязан действовать в рамках закона."
123,Почему полис ИСЖ не равен вкладу в контексте раздела при разводе?,"Полис инвестиционного страхования жизни (ИСЖ) не делится при разводе, в отличие от банковских вкладов, потому что он имеет особый юридический статус. Вот ключевые причины:

1. **Не является имуществом** – Полис ИСЖ не считается имуществом, поэтому на него не могут быть наложены взыскания, арест или конфискация. Его нельзя разделить при разводе, так как он не входит в состав совместного имущества супругов.

2. **Деньги принадлежат страховой компании** – Внесенные в ИСЖ средства юридически принадлежат страховой компании до момента выплаты. Поэтому второй супруг не имеет права на них, пока не произойдет выплата по полису.

3. **Выплаты по страховке – совместное имущество** – Если страховое возмещение было получено во время брака, оно становится общим имуществом супругов. Однако сам полис, пока деньги не выплачены, остается вне раздела.

Таким образом, ИСЖ защищает вложенные средства от раздела при разводе, но выплаты по нему могут быть разделены, если они получены в браке."
124,Когда возможны повышенные выплаты по вкладам до 10 млн рублей?,"Повышенные выплаты по вкладам до 10 млн рублей возможны в следующих случаях:

1. **Счета эскроу** – если они открыты для расчетов по сделкам купли-продажи недвижимости или договорам долевого строительства.
2. **Особые поступления на счет** – если деньги поступили не ранее чем за три месяца до отзыва лицензии у банка или введения моратория на выплаты. Это может быть:
   - продажа недвижимости (квартиры, дома, дачи, земельного участка со строениями);
   - получение наследства;
   - выплаты по решению суда;
   - возмещение ущерба жизни, здоровью или имуществу;
   - выходное пособие, компенсации или другие выплаты по трудовому договору;
   - материнский капитал, социальные выплаты или пособия;
   - гранты в форме субсидий.

Важно: повышенная выплата не влияет на лимит 1,4 млн рублей для обычных вкладов, но общая сумма компенсации (по особым и обычным счетам) не может превышать 10 млн рублей."
125,Как подходить к выбору продавца на маркетплейсе либо кредитного брокера?,"При выборе продавца на маркетплейсе или кредитного брокера важно учитывать несколько ключевых аспектов:

### **Для продавца на маркетплейсе:**
1. **Репутация и отзывы** – проверьте рейтинги, отзывы покупателей и историю продаж. Обратите внимание на количество негативных отзывов и их содержание.
2. **Условия возврата и гарантии** – убедитесь, что продавец предлагает удобные условия возврата и соблюдает гарантийные обязательства.
3. **Сроки доставки** – изучите информацию о сроках отправки и доставки, чтобы избежать задержек.
4. **Цена и акции** – сравните цены с другими продавцами, но не забывайте о качестве товара.

### **Для кредитного брокера:**
1. **Честность и прозрачность** – выбирайте брокеров, которые берут фиксированную плату, а не процент от кредита. Уточните, что вы платите именно за консультацию, и помните, что деньги не вернут, даже если кредит не одобрят.
2. **Компетенция** – хороший брокер поможет отобрать банки и МФО по вашим критериям, проконсультирует по документам и оценит шансы на одобрение.
3. **Отсутствие гарантий** – брокер не может гарантировать кредит, снизить процентную ставку или исправить кредитную историю. Если он обещает это – это мошенник.
4. **Рекомендации** – лучше выбирать брокеров по отзывам знакомых, так как нет официальных реестров или рейтингов.
5. **Лицензия (если речь о брокере по ценным бумагам)** – проверьте, есть ли у него лицензия профессионального участника рынка ценных бумаг.

Если в контексте нет информации по маркетплейсам, то основной акцент делается на кредитных брокерах."
126,Почему высокий индивидуальный кредитный рейтинг не гарантирует одобрение кредита?,"Высокий индивидуальный кредитный рейтинг не гарантирует одобрение кредита, потому что банки и МФО используют более сложные системы оценки заемщиков, чем просто рейтинг из бюро кредитных историй (БКИ). Они учитывают множество дополнительных факторов, таких как:

1. **Доходы и расходы** – стабильность заработка, уровень долговой нагрузки (ПДН), наличие обязательных платежей (налоги, ЖКХ, алименты).
2. **Трудоустройство** – стаж на последнем месте работы, официальное трудоустройство.
3. **Семейное положение и состав семьи** – эти данные могут влиять на оценку платежеспособности.
4. **Собственные критерии кредитора** – например, банк может отказать в ипотеке, если у заемщика стаж на текущем месте работы меньше полугода, даже при высоком рейтинге.

Кроме того, у каждого банка и МФО есть свои внутренние системы скоринговой оценки, которые могут не совпадать с рейтингами БКИ. Поэтому даже при хорошем рейтинге заемщик может получить отказ, если не соответствует другим требованиям кредитора."
127,Какие меры заранее снижают риск кражи денег с карты в поездке и дома?,"Вот основные меры, которые помогут снизить риск кражи денег с банковской карты как в поездке, так и дома:

1. **Предупредите банк о поездке**
   Перед путешествием позвоните в банк и сообщите о своих планах, включая места посещения и пересадки. Это поможет избежать блокировки карты из-за подозрительных операций в другой стране.

2. **Подключите СМС-оповещения**
   Включите уведомления о всех операциях по карте. Это позволит оперативно заметить подозрительные списания и заблокировать карту при необходимости.

3. **Используйте интернет-банк или мобильное приложение**
   Эти сервисы дают возможность быстро перевести деньги на другую карту и заблокировать похищенную.

4. **Берегите ПИН-код**
   При вводе ПИН-кода в банкоматах или терминалах прикрывайте клавиатуру рукой, чтобы никто не мог его подсмотреть.

5. **Проверяйте банкоматы перед использованием**
   Осмотрите устройство на наличие посторонних предметов или признаков вскрытия. Если что-то вызывает подозрение, не используйте этот банкомат.

6. **Не теряйте карту из виду**
   В кафе, магазинах и других местах не оставляйте карту без присмотра, даже на несколько секунд.

7. **Используйте карты с нулевым лимитом (если потеряли)**
   Если карта потерялась, но вы надеетесь ее найти, можно временно установить нулевой лимит по операциям, чтобы предотвратить мошеннические списания.

8. **Храните карту в экранированном кейсе или фольге**
   Если у вас бесконтактная карта, можно использовать специальные чехлы или фольгу, чтобы защитить ее от несанкционированных списаний.

Следуя этим рекомендациям, вы значительно снизите риск кражи денег с карты."
128,Когда ФНС присылает готовое заявление на вычет без декларации,"ФНС присылает готовое заявление на вычет без декларации в следующих случаях:

1. **Если организация (например, медицинская, образовательная, спортивная, страховая или пенсионный фонд) передает данные о ваших платежах в налоговую службу.** В этом случае ФНС автоматически рассчитывает сумму возврата и отправляет заполненное заявление в ваш личный кабинет налогоплательщика. Остается только заверить его электронной подписью (ее можно получить бесплатно на сайте ФНС).

2. **Для вычета на доход по ИИС-2 (инвестиционному счету с вычетом на доход).** Если ваш брокер или управляющая компания передает информацию о сделках в ФНС, налоговая сама рассчитает вычет и пришлет готовое заявление.

3. **Для вычета на взносы в ИИС (индивидуальный инвестиционный счет).** Если брокер или управляющая компания передает данные о взносах, ФНС присылает заполненное заявление до 20 марта следующего года.

В таких случаях не нужно подавать декларацию 3-НДФЛ или собирать подтверждающие документы. Однако это работает только для вычетов на себя, а не на родственников."
129,Чем отличается порядок прекращения договоров при отказе страховщика от лицензии от ситуации с отзывом лицензии?,"При отказе страховщика от лицензии и при её отзыве порядок прекращения договоров имеет ключевые различия:

1. **Отказ от лицензии (по собственному желанию страховщика)**:
   - Страховая компания подаёт заявление в Банк России.
   - Если регулятор соглашается, договоры автоматически прекращаются в течение 45 дней.
   - Клиенты получают часть стоимости полисов обратно, за исключением ОСАГО, которые продолжают действовать, а выплаты по ним осуществляет Российский союз страховщиков (РСА).
   - На практике Банк России редко разрешает уход с рынка, пока не урегулированы все отношения с клиентами.

2. **Отзыв лицензии (по решению регулятора)**:
   - Управление компанией переходит к Агентству по страхованию вкладов (АСВ).
   - В течение 45 дней компания обязана расторгнуть все договоры, а в течение шести месяцев — вернуть клиентам деньги (если это предусмотрено договорами).
   - Полисы ОСАГО продолжают действовать, выплаты по ним идут из гарантийного фонда РСА.
   - Если страховой случай произошел после отзыва лицензии, но до расторжения договора, компания обязана выплатить возмещение, если у неё есть на это средства. В противном случае клиенты могут обратиться в АСВ в рамках процедуры банкротства.

Таким образом, при отказе от лицензии процесс более формализован, а при отзыве — более сложный, с возможным участием АСВ и процедурой банкротства."
130,Куда обращаться с жалобой на страховщика в зависимости от вида нарушения?,"В зависимости от вида нарушения страховщика можно обращаться в следующие инстанции:

1. **Если страховая компания задерживает, занижает или отказывается выплачивать возмещение (включая ОСАГО)**:
   - **Финансовый омбудсмен** – он рассматривает споры, связанные с денежными выплатами, и его решения обязательны для страховщиков.
   - **Банк России** – если нарушение серьезное (например, отказ от выплаты по закону) или омбудсмен не помог.

2. **Если страховщик нарушает условия договора или действует незаконно (например, отказывается оформлять полис ОСАГО)**:
   - **Банк России** – регулятор контролирует страховые компании и может наказать их за нарушения, вплоть до отзыва лицензии.

3. **Если страховой брокер или агент нарушил права (например, завысил стоимость полиса)**:
   - **Претензия брокеру** (срок ответа – 15 рабочих дней).
   - **Банк России** – если брокер не реагирует или нарушение серьезное.
   - **Финансовый омбудсмен** – если спор касается денежных выплат.

4. **Если страховая компания скрывает информацию или требует утаить данные (например, о здоровье при страховании жизни)**:
   - **Претензия страховщику** (срок ответа – 15 рабочих дней).
   - **Банк России** – если компания нарушает закон.

**Важно:**
- Перед обращением в госорганы отправьте претензию страховщику и дождитесь ответа (15 рабочих дней).
- К жалобе приложите документы (договор, претензию, ответ компании, протоколы ДТП и т. д.).
- Финансовый омбудсмен рассматривает споры только по денежным вопросам (до 500 000 руб., кроме ОСАГО и пенсий)."
131,"Как узнать, в каких БКИ хранится моя кредитная история, и как бесплатно получить отчет?","Чтобы узнать, в каких бюро кредитных историй (БКИ) хранится ваша кредитная история, и получить отчет бесплатно, следуйте этим шагам:

1. **Узнайте список БКИ, где хранится ваша история**:
   - **Через портал «Госуслуги»**:
     Войдите в свой профиль, выберите услугу «Получение информации о хранении вашей кредитной истории». Для доступа понадобятся паспорт и СНИЛС. Банк России пришлет список всех БКИ с их контактами в личный кабинет.
   - **На сайте Банка России**:
     Укажите код субъекта кредитной истории (есть в кредитном договоре или можно уточнить в банке/МФО). Ответ придет в течение рабочего дня.

2. **Запросите кредитную историю в каждом БКИ**:
   - По закону вы вправе получать отчет бесплатно дважды в год.
   - Подать заявку можно через сайт бюро, выбрав формат (электронный или на бумаге).
   - Если нужно чаще, можно заказать отчет за плату по тарифам БКИ.

3. **Проверьте данные на ошибки**:
   - Если найдете неточности, направьте заявление об оспаривании в БКИ. Оно перешлет его кредитору, а ответ придет в течение 30 дней.

Также можно отправить запрос через телеграмму в Центральный каталог кредитных историй (ответ придет на указанный email в течение 3 дней)."
132,Куда обращаться при споре со страховой?,"При споре со страховой компанией действуйте по следующему алгоритму:

1. **Начните с претензии** – отправьте её на официальный электронный или почтовый адрес страховщика. Компания обязана ответить в течение **15 рабочих дней**.

2. **Если ответ неудовлетворителен или его нет** – обратитесь:
   - **К финансовому омбудсмену**, если спор касается денежных вопросов (например, задержка или занижение выплаты). Омбудсмен рассматривает дела **бесплатно** и быстро (до 15 дней). Однако сумма требований не должна превышать **500 000 рублей** (исключение – ОСАГО и пенсии).
   - **В Банк России**, если страховщик нарушает закон (например, отказывается оформлять полис ОСАГО). Регулятор может оштрафовать или отозвать лицензию.

3. **Если сумма спора больше 500 000 рублей** (кроме ОСАГО) или омбудсмен не помог – подавайте иск в **суд**.

4. **Сохраняйте документы** – протоколы ГИБДД, извещения о ДТП, ответы страховщика и решения омбудсмена. Они понадобятся для защиты ваших прав.

Для деталей о процедуре обращения к омбудсмену или в Банк России уточняйте в соответствующих разделах."
133,Что выбрать предпринимателю без залога при потребности в деньгах на короткий срок?,"Предпринимателю без залога, которому срочно нужны деньги на короткий срок, подойдут следующие варианты:

1. **Микрозаем в МФО** – можно быстро получить небольшую сумму (до 5 млн рублей) без длительной проверки. Однако процентные ставки выше, чем в банках, и могут достигать 365% годовых, если речь идет о краткосрочных займах.

2. **Кредитная карта с беспроцентным периодом** – если предприниматель успеет оформить карту, он сможет воспользоваться льготным периодом (обычно 30–60 дней) без процентов. Однако снятие наличных может быть с комиссией.

3. **Краудлендинг** – если бизнес стабилен, можно попробовать занять деньги у инвесторов через онлайн-площадки. Это подходит для закрытия кассового разрыва или закупки товаров.

4. **Государственные гарантии** – если предприниматель относится к малому или среднему бизнесу, он может воспользоваться поручительством Корпорации МСП или региональных гарантийных организаций. Это позволит получить кредит без залога, так как госструктуры гарантируют часть долга.

5. **Рассрочка или кредит на кассе** – если деньги нужны на конкретную покупку, можно рассмотреть рассрочку или кредит в магазине.

Выбор зависит от суммы, срока и готовности к высоким процентам. Если срочность критична, лучше обратиться в МФО, но важно внимательно изучить условия, чтобы избежать переплат."
134,Чем для вкладчика отличается санация от отзыва лицензии?,"Для вкладчика санация и отзыв лицензии банка различаются по последствиям и гарантиям:

1. **Санация**:
   - Банк продолжает работать, но под контролем Банка России.
   - Вкладчики не теряют доступ к своим средствам, условия договоров остаются прежними.
   - Новые клиенты могут столкнуться с измененными условиями (например, ставками).
   - Банк получает финансовую поддержку, чтобы восстановить стабильность.

2. **Отзыв лицензии**:
   - Банк прекращает работу, управление переходит к Агентству по страхованию вкладов (АСВ).
   - Вкладчики могут получить компенсацию до 1,4 млн рублей (если они подпадают под страхование вкладов).
   - Договоры с банком расторгаются, доступ к средствам временно ограничен.
   - Процесс возврата средств может занять время (до 6 месяцев).

Таким образом, санация — это попытка спасти банк, а отзыв лицензии — мера для защиты вкладчиков при необратимом ухудшении финансового состояния."
135,В каких случаях банк компенсирует хищение средств?,"Банк компенсирует хищение средств в следующих случаях:

1. **Если мошенники получили доступ к вашему счету из-за уязвимостей в защите банка** (например, взлом приложения или сайта банка). В этом случае банк, скорее всего, возместит ущерб.

2. **Если вы соблюдали меры безопасности**, а мошенники все равно смогли украсть деньги. К таким мерам относятся:
   - Не сообщали мошенникам ПИН-код, коды из SMS или другие конфиденциальные данные.
   - Не хранили ПИН-код вместе с картой или не писали его на карте.
   - Не позволяли делать ксерокопии или фотографировать карту.
   - Использовали защищенные устройства и приложения.

3. **Если вы вовремя сообщили банку о краже** — не позднее следующего дня после уведомления банком о подозрительной операции.

4. **Если банк не проверил реквизиты получателя** перед переводом и отправил деньги на мошеннический счет, который уже был в базе подозрительных реквизитов. В этом случае банк обязан вернуть деньги в течение 30 дней.

**Важно:** Если вы сами сообщили мошенникам данные карты, логины и пароли, или сами перевели деньги по подозрительным реквизитам, несмотря на предупреждение банка, компенсации не будет."
136,"Как убедиться, что письмо о школьной субсидии не от мошенников?","Чтобы убедиться, что письмо о школьной субсидии не от мошенников, следуйте этим рекомендациям:

1. **Проверьте адрес отправителя**
   - Убедитесь, что домен (часть после @) совпадает с официальным адресом организации (например, для Госуслуг это **gosuslugi.ru**).
   - Мошенники могут использовать похожие, но поддельные адреса (например, **go**s**c**lugi.ru).

2. **Изучите содержание письма**
   - Обратите внимание на орфографические ошибки, необычный стиль или подозрительные формулировки.
   - Если письмо содержит срочные требования (например, ""срочно заполните форму"") или обещает быструю выплату, это признак мошенничества.

3. **Не переходите по ссылкам и не скачивайте вложения**
   - Даже если письмо выглядит официально, не кликайте на ссылки — они могут вести на фишинговые сайты.
   - Если нужно проверить информацию, введите адрес организации вручную в браузере.

4. **Проверьте информацию через официальные каналы**
   - Уточните наличие субсидии на **Госуслугах**, в **МФЦ** или **соцзащите**.
   - Позвоните в организацию по официальному номеру горячей линии.

5. **Не вводите личные данные**
   - Мошенники могут попросить ФИО, СНИЛС, ИНН, номер карты или другие данные. Никогда не передавайте их через подозрительные письма.

Если письмо вызывает сомнения, лучше его удалить или перепроверить информацию через надежные источники."
137,Куда обращаться за выплатами: советские вклады против вкладов банка с отозванной лицензией?,"Для получения выплат по советским вкладам и вкладам в банке с отозванной лицензией нужно обращаться в разные организации:

1. **Советские вклады**:
   - Возврат таких вкладов возможен только в рамках процедуры банкротства или ликвидации банка.
   - Заявление подается в **Агентство по страхованию вкладов (АСВ)**.
   - Процедура может занять несколько лет, так как активы банка распродаются для погашения долгов.

2. **Вклады в банке с отозванной лицензией**:
   - Если банк входит в **Систему страхования вкладов (ССВ)**, выплаты осуществляет **АСВ**.
   - Компенсация до **1,4 млн рублей** выплачивается автоматически.
   - Для получения средств нужно подать заявление в **банк-агент** (список публикуется на сайте АСВ на 7-й день после отзыва лицензии).
   - Заявление можно подать в течение всего срока ликвидации банка (обычно 2 года).

Если сумма вклада превышает 1,4 млн рублей, остаток можно вернуть только после завершения процедуры банкротства.

Для уточнения деталей можно обратиться на горячую линию АСВ: **8 800 200-08-05**."
138,Что поможет новичку начать контролировать бюджет без сложных инструментов?,"Для новичков, которые хотят начать контролировать бюджет без сложных инструментов, можно воспользоваться следующими простыми методами:

1. **Ведение учета доходов и расходов**
   - Используйте простую таблицу в Excel, записную книжку или блокнот, чтобы фиксировать все доходы и расходы.
   - Разделите траты на категории (продукты, транспорт, развлечения и т. д.), чтобы понять, на что уходят деньги.
   - Это поможет выявить лишние траты и определить, какую сумму можно откладывать.

2. **Использование простых мобильных приложений**
   - Приложения вроде **Monefy** или **CoinKeeper** имеют интуитивно понятный интерфейс и позволяют быстро вносить расходы.
   - Они автоматически разбивают траты по категориям и помогают визуализировать бюджет.

3. **Создание финансового плана**
   - Определите свои финансовые цели (например, накопление на крупную покупку) и распределите бюджет так, чтобы достигать их постепенно.
   - Это поможет избежать импульсивных трат и лучше контролировать расходы.

4. **Говорение «нет» бездумным тратам**
   - Перед покупкой спрашивайте себя, действительно ли она необходима, или это просто спонтанное желание.
   - Избегайте «супервыгодных» предложений, которые на самом деле не приносят пользы.

Эти методы не требуют сложных инструментов и помогут постепенно привыкнуть к контролю над бюджетом."
139,Какие инструменты снижения рисков для банков и инвесторов доступны через Корпорацию МСП?,"Корпорация МСП предоставляет несколько инструментов снижения рисков для банков и инвесторов:

1. **Поручительства и гарантии по облигациям**
   Корпорация берет на себя обязательство выплатить инвесторам номинальную стоимость облигаций и до двух купонов, если эмитент не сможет этого сделать. Это снижает риски для инвесторов и повышает спрос на облигации эмитента.

2. **Гарантии по кредитам**
   Корпорация МСП или региональные гарантийные организации (РГО) гарантируют банку-партнеру, что погасят часть долга, если заемщик не сможет выплатить кредит. Размер гарантии может достигать 1 млрд рублей, а суммарные гарантии госструктур часто покрывают 70–90% кредита.

3. **Якорное инвестирование МСП Банка**
   МСП Банк может выкупать до 50% облигаций компании при выпуске, что снижает риски для других инвесторов и сигнализирует о надежности эмитента.

Эти меры позволяют инвесторам и банкам работать с малым и средним бизнесом, минимизируя финансовые риски."
140,"Как понять, потянете ли ежемесячный платеж по ипотеке?","Чтобы понять, потянете ли вы ежемесячный платеж по ипотеке, следуйте этим шагам:

1. **Оцените свои доходы и расходы**
   - Посчитайте, сколько вы готовы отдавать банку ежемесячно, чтобы платежи не превышали половину вашего дохода. Это снизит риск невыплаты.
   - Используйте кредитный калькулятор, чтобы рассчитать примерный размер платежей, введя сумму кредита, срок и процентную ставку.

2. **Учтите дополнительные расходы**
   - Помимо основного платежа, вам придется оплатить страховку, госпошлину, оценку недвижимости и другие комиссии. Заранее выясните их сумму.

3. **Сравните варианты платежей**
   - **Аннуитетные платежи** – фиксированная сумма каждый месяц, удобная для бюджета, но с большей переплатой.
   - **Дифференцированные платежи** – сумма уменьшается со временем, но первые платежи выше.

4. **Проверьте стабильность доходов**
   - Убедитесь, что ваш доход не зависит от временных факторов (например, премии, сезонные работы).
   - Подумайте, как изменится ваше финансовое положение в будущем (рождение детей, смена работы, переезд).

5. **Рассмотрите досрочные погашения**
   - Если у вас есть возможность вносить дополнительные суммы (например, после налоговых вычетов или продажи имущества), это сократит срок кредита и переплату.

6. **Оцените риски**
   - Если вы заключаете договор с застройщиком, а ипотеку оформляете позже, учитывайте, что ваше финансовое положение или условия банка могут измениться.

Если после расчетов вы видите, что платежи не превышают 50% вашего дохода и вы можете их выплачивать стабильно, ипотека вам по силам."
141,Как распознать фишинговое письмо?,"Чтобы распознать фишинговое письмо, обратите внимание на следующие признаки:

1. **Содержание и стиль письма**
   - Письмо вызывает сильные эмоции: тревогу, любопытство или радость (например, угрозы блокировки аккаунта, обещания скидок или бонусов).
   - В тексте могут быть орфографические ошибки, нечитаемые символы или нелепые формулировки.
   - Если письмо выглядит слишком формальным (например, «отмена заказа» или «действие полиса заканчивается»), но вы не ожидали такого сообщения, это повод насторожиться.

2. **Адрес отправителя**
   - Проверьте адрес электронной почты, а не только имя отправителя (которое можно подделать).
   - Обратите внимание на мелкие отличия: лишние символы, замены букв, необычные домены (например, `gosuslugi.ru@obman.com`).
   - Если адрес незнакомый или отличается от официального, письмо лучше не открывать.

3. **Ссылки и вложения**
   - Не переходите по ссылкам, даже если они выглядят знакомыми. Наведите курсор на ссылку — внизу экрана отобразится реальный адрес.
   - Вложения могут содержать вирусы. Проверьте полное название файла (например, `.exe` вместо `.pdf`).
   - Если письмо пустое, не кликайте по нему — это может быть скрытая ссылка.

4. **Адресная строка сайта**
   - Если вы перешли по ссылке, внимательно изучите URL в адресной строке браузера.
   - Ошибка в одном символе (например, `gosuslugi.ru` вместо `gosuslugi.ru`) может привести на фишинговый сайт.
   - Лучше вручную вводить адреса в закладки или браузер.

5. **Дополнительные уловки**
   - Мошенники могут использовать заголовки с `Re:`, создавая иллюзию ответа на ваше обращение.
   - Если письмо пришло якобы от друга или знакомого, лучше перезвонить и уточнить, действительно ли он его отправлял.

Если вы заметили хотя бы один из этих признаков, не открывайте письмо, не переходите по ссылкам и не скачивайте вложения."
142,Как проверить легальность кредитора перед оформлением займа?,"Чтобы проверить легальность кредитора перед оформлением займа, следуйте этим шагам:

1. **Проверьте, входит ли организация в государственный реестр МФО**
   - Убедитесь, что кредитор зарегистрирован в реестре Банка России. Если его там нет, это мошенники.
   - В поисковых системах «Яндекс» и Mail.ru легальные МФО отмечены синим кружочком с галочкой. Если маркера нет, сайт может быть нелегальным.

2. **Изучите принадлежность к саморегулируемым организациям (СРО)**
   - Проверьте, состоит ли МФО в СРО «МиР» или «Микрофинансовый альянс». Если нет — это тревожный знак.
   - Для кредитных потребительских кооперативов (КПК) проверьте реестр на сайте соответствующей СРО.

3. **Внимательно изучите сайт и условия**
   - Сравните адрес сайта с официальным, указанным в реестре. Мошенники часто копируют дизайн и название легальных организаций.
   - Ознакомьтесь с условиями займа: ставками, сроками, штрафами за просрочку и возможностью продления.

4. **Проверьте репутацию кредитора**
   - Ищите отзывы в интернете, изучайте информацию о компании.
   - Если долг передается другому кредитору, уточните это у первоначальной МФО или в СРО.

Следуя этим шагам, вы снизите риск столкнуться с мошенниками."
143,Какие ПИФы лучше подходят для долгосрочной стратегии инвестирования?,"Для долгосрочной стратегии инвестирования лучше всего подходят **закрытые паевые инвестиционные фонды (ЗПИФы)**. Они ориентированы на долгосрочные вложения (от 3 до 15 лет) и часто приносят более высокую доходность, чем другие типы фондов. Однако риски также выше.

**Ключевые особенности ЗПИФов для долгосрочной стратегии:**
1. **Сроки инвестиций** – ЗПИФы специализируются на активах, которые трудно быстро продать, но могут принести значительную прибыль в перспективе (например, недвижимость, строительство, ценные бумаги).
2. **Доходность** – ЗПИФы могут приносить больший доход, чем открытые или интервальные фонды, но с более высокими рисками.
3. **Цена пая** – В некоторых ЗПИФах минимальный взнос может быть достаточно низким (от 1500–2500 рублей), но в фондах недвижимости или других дорогостоящих активов порог входа может достигать миллионов рублей.
4. **Требования к инвесторам** – Новичкам лучше выбирать ЗПИФы, паи которых торгуются на бирже (первый или второй уровень листинга), так как они считаются более надежными.

**Альтернативы для долгосрочной стратегии:**
- **Интервальные ПИФы** – их паи можно погасить только через определенный срок, но они менее рискованны, чем ЗПИФы.
- **Драгоценные металлы** – их цены могут колебаться, но на длинных дистанциях они обычно опережают инфляцию.
- **Облигации** – если фонд инвестирует в надежные государственные или корпоративные облигации, риски будут ниже.

**Рекомендации:**
- Выбирайте фонды, инвестирующие в акции крупных компаний или надежные облигации, чтобы снизить риски.
- Сравнивайте доходность фондов за 3–5 лет, но помните, что прошлые результаты не гарантируют будущей прибыли.
- Если вы новичок, начните с ЗПИФов, паи которых торгуются на бирже, и избегайте фондов с высокими рисками (например, ЗПИФ-А).

Для долгосрочной стратегии также можно рассмотреть **индивидуальный инвестиционный счет (ИИС)** с налоговыми льготами, если вы готовы не снимать деньги в течение трех лет."
144,Почему при замене водительского удостоверения важно сообщить об этом страховщику по ОСАГО?,"При замене водительского удостоверения важно сообщить об этом страховщику по ОСАГО, чтобы избежать ошибок в расчете коэффициентов КВС (коэффициент возраста и стажа) и КБМ (коэффициент бонус-малус).

Если не уведомить страховую компанию, в базе данных может быть зафиксирован неверный стаж вождения, что приведет к увеличению стоимости полиса. Например, страховщик может посчитать вас начинающим водителем, что повысит КВС. Также в Национальной страховой информационной системе (НСИС) могут не связать новые права со старыми, из-за чего КБМ будет рассчитан как для нового водителя (1,17).

Если вы не сообщите о замене прав, при проверке полиса сотрудниками ГИБДД могут возникнуть проблемы, так как формально вы нарушите закон об ОСАГО. Чтобы исправить ситуацию, нужно обратиться к страховщику с просьбой передать в НСИС информацию о замене удостоверения. После этого КБМ будет пересчитан, и вы сможете потребовать пересмотра стоимости полиса."
145,Как соотносится лимит суммы по кредитным каникулам для потребительских займов с максимальным размером кредита по семейной ипотеке?,В предоставленной базе знаний нет информации по вашему вопросу.
146,"Зачем при размещении ценных бумаг нужны регистратор, а также депозитарий?","Регистратор и депозитарий играют ключевые роли при размещении ценных бумаг:

1. **Регистратор** создает и ведет реестр владельцев акций или облигаций компании. Он фиксирует, кому и сколько бумаг принадлежит, обновляет данные и обеспечивает связь между эмитентом и инвесторами. Регистратор также помогает эмитенту сообщать владельцам бумаг важные новости (например, о собраниях акционеров) и начислять дивиденды или купоны.

2. **Депозитарий** (включая центральный депозитарий, депозитарии бирж и брокеров) отвечает за учет и хранение ценных бумаг в электронном виде. Он фиксирует все сделки на бирже, обеспечивает безопасность активов и гарантирует их переход от продавца к покупателю. Например, при первичном размещении бумаг регистратор списывает их со счета компании и зачисляет на счет центрального депозитария (например, НРД в России), а затем депозитарий брокера получает эти бумаги для продажи инвесторам.

Таким образом, регистратор и депозитарий обеспечивают прозрачность, безопасность и легальность операций с ценными бумагами на фондовом рынке."
147,"Получает ли созаемщик право на имущество, купленное в кредит, без указания в договоре купли-продажи?","Нет, созаемщик не получает право на имущество, купленное в кредит, если его имя не указано в договоре купли-продажи. По умолчанию ни созаемщик, ни поручитель не становятся собственниками имущества, приобретенного на кредитные средства. Право собственности возникает только в случае, если созаемщик или поручитель изначально указаны в договоре купли-продажи как покупатели.

Однако супруги автоматически становятся совладельцами имущества, приобретенного в браке, если не заключен брачный контракт с иными условиями. В остальных случаях созаемщик может договориться с заемщиком о разделе имущества через соглашение о взаимных обязательствах или оформить равные права собственности изначально."
148,Через кого частному инвестору доступны опционы либо фьючерсы на бирже?,"Частному инвестору доступны опционы и фьючерсы на бирже только через профессионального посредника — **брокера** или **доверительного управляющего**. При этом у посредника обязательно должна быть **лицензия Банка России** для работы на фондовом рынке.

Также важно учитывать, что:
- **Фьючерсы и опционы** можно покупать и продавать на бирже в течение всего срока их действия.
- Эти инструменты могут использоваться как для **страхования рисков**, так и для **спекулятивных операций**, но для начинающих инвесторов рекомендуется первый вариант.
- Перед выбором брокера стоит изучить его комиссии и условия работы, так как они влияют на итоговую прибыль.

Если у вас есть дополнительные вопросы по выбору брокера или работе с производными инструментами, уточните их!"
149,Как сохранить прожиточный минимум при аресте счетов после решения суда?,"Чтобы сохранить прожиточный минимум при аресте счетов после решения суда, выполните следующие шаги:

1. **Подайте заявление приставам** – укажите в нем данные паспорта, номер исполнительного производства и реквизиты банковского счета, на котором лежат неприкосновенные деньги. Это позволит защитить сумму, равную прожиточному минимуму, от взыскания.

2. **Укажите актуальный прожиточный минимум** – он может отличаться в зависимости от региона. В 2022 году для трудоспособного населения по России он составлял 13 026 рублей, а в Москве – 19 539 рублей. Если в вашем регионе показатель выше общероссийского, укажите его, если ниже – ссылайтесь на средний по стране.

3. **С 1 июля 2022 года** можно подать заявление напрямую в банк, если приставы уже передали ему исполнительные документы.

4. **Учтите временный характер защиты** – неприкосновенная сумма сохраняется только в течение календарного месяца. Если вы не израсходуете ее полностью, 1 числа следующего месяца приставы могут списать остаток. При новых поступлениях (например, зарплате) неприкосновенным снова станет только прожиточный минимум.

Если приставы уже арестовали счет, но не списали средства, вы можете обратиться в суд с просьбой об отсрочке или рассрочке платежей. При соблюдении нового графика платежей приставы не будут вводить ограничения, включая запрет на выезд."
150,"Когда по оформленному кредиту можно не платить, несмотря на обязанность погашать долги?","В соответствии с законодательством, существуют несколько ситуаций, когда можно не платить по оформленному кредиту, несмотря на обязанность погашения долга:

1. **Кредитные каникулы** – если у вас резко упали доходы (более чем на 30% по сравнению с предыдущим годом) или ваше жилье попало в зону чрезвычайной ситуации (ЧС). В этом случае можно отложить платежи на полгода, но с ограничениями по сумме кредита (до 450 000 рублей для потребительских кредитов, 1,6 млн рублей для автокредитов и 150 000 рублей для кредитных карт).

2. **Ипотечные каникулы** – если вы попали в сложную финансовую ситуацию (например, потеря работы, болезнь, ЧС) и ваш ипотечный кредит не превышает 15 млн рублей. В этом случае можно приостановить платежи на срок до 6 месяцев.

3. **Каникулы для мобилизованных** – участники специальной военной операции и члены их семей могут отложить платежи по всем кредитам на весь период мобилизации плюс 180 дней.

4. **Реструктуризация долга** – если вы не можете выплачивать кредит, можно договориться с банком о изменении условий (например, увеличении срока кредита или снижении процентной ставки).

5. **Самозапрет на кредиты** – если вы поставили запрет на выдачу кредитов, а банк или МФО его проигнорировали, то долг можно не выплачивать.

В остальных случаях, если вы не можете платить, лучше сразу сообщить кредитору и обсудить возможные варианты отсрочки или реструктуризации."
151,Как проверить легальность посредника для привлечения финансирования онлайн?,"Чтобы проверить легальность посредника для привлечения финансирования онлайн, следуйте этим шагам:

1. **Проверьте наличие в реестре Банка России**
   - Убедитесь, что платформа зарегистрирована в реестре Банка России. Это гарантирует, что регулятор контролирует ее деятельность.
   - Для краудлендинга, краудинвестинга и краудфандинга (кроме благотворительного) это обязательное требование.

2. **Проверьте адрес сайта**
   - Убедитесь, что адрес сайта посредника совпадает с тем, что указан в реестре. Это поможет избежать мошенников, которые могут использовать похожие домены.
   - Официальные сайты финансовых посредников в поисковиках «Яндекс» и Mail.ru помечаются галочкой в синем кружке.

3. **Изучите репутацию и историю площадки**
   - Узнайте, как долго существует платформа, сколько успешных проектов она реализовала и сколько предпринимателей сейчас привлекают финансирование.
   - Проверьте отзывы в интернете и, если возможно, свяжитесь с теми, кто уже работал с этой площадкой.

4. **Проверьте лицензию и членство в СРО**
   - Для брокеров и инвестиционных платформ важно наличие лицензии профессионального участника рынка ценных бумаг.
   - Убедитесь, что брокер входит в Национальную ассоциацию участников фондового рынка (НАУФОР).

5. **Проверьте договор**
   - Внимательно изучите условия договора с посредником. При необходимости проконсультируйтесь с юристом.

6. **Проверьте, нет ли посредника в списке сомнительных организаций**
   - Банк России публикует список компаний с признаками пирамид. Убедитесь, что ваш посредник не входит в него.

Если у вас остаются сомнения, лучше отказаться от сотрудничества и поискать другого посредника."
152,Чем отличается порог выручки для обязательного приема карт «Мир» от максимальной суммы «закупки с полки» по 223‑ФЗ?,В предоставленной базе знаний нет информации по вашему вопросу.
153,Какие проблемы с оплатой появились из‑за санкций?,"Из-за санкций могут возникнуть следующие проблемы с оплатой:

1. **Ограничения по международным платежам**:
   - Карты, выпущенные банками под санкциями, могут не работать при оплате за рубежом или в иностранных интернет-магазинах.
   - Международные платежные системы могут приостановить обслуживание российских карт, что затруднит возврат средств через чарджбэк по зарубежным покупкам.

2. **Проблемы с мобильными платежами**:
   - Сервисы Apple Pay, Google Pay и аналогичные могут не работать, если карта привязана к банку под санкциями или если оплата проходит через санкционные платежные системы.

3. **Ограничения для бизнеса**:
   - Компании могут столкнуться с трудностями при оплате поставок, если их контрагенты обслуживаются санкционными банками.
   - Брокеры и доверительные управляющие, попавшие под санкции, не могут проводить операции с иностранными активами и валютой.

4. **Мошеннические схемы**:
   - Мошенники используют тему санкций, чтобы выманивать у людей деньги и данные карт, запугивая блокировкой счетов.

Внутри России карты продолжают работать в обычном режиме, а для бизнеса доступны меры поддержки, включая кредитные каникулы и реструктуризацию долгов."
154,Чем отличается имущественная ответственность ИП от ответственности учредителя ООО?,"Ответственность ИП и учредителя ООО по долгам бизнеса имеет ключевые различия:

1. **ИП (индивидуальный предприниматель)**:
   - Отвечает по обязательствам бизнеса **всем своим имуществом**, включая личное (квартиру, автомобиль, счета, даже домашних животных).
   - При взыскании долгов приставы сначала списывают деньги со счетов, но оставляют сумму, равную прожиточному минимуму (и для иждивенцев, если они есть).
   - Если долги возникли из-за действий самого предпринимателя (например, мошенничество), ответственность может быть уголовной.

2. **Учредитель ООО**:
   - Отвечает по долгам бизнеса **только имуществом компании**, а не личным.
   - Личное имущество учредителя защищено, даже если бизнес обанкротится.
   - Исключение: если вина учредителя в убытках доказана судом, он может нести **субсидиарную ответственность** (выплачивать долги из личных средств).

Таким образом, ООО обеспечивает **ограниченную ответственность** учредителей, в то время как ИП несет **полную имущественную ответственность**."
155,Какие практики помогают сократить повседневные расходы при покупках?,"Вот несколько проверенных практик, которые помогут сократить повседневные расходы при покупках:

1. **Составляйте списки покупок** – это поможет избежать импульсных покупок и приобретать только необходимое. Особенно полезно делать это перед походом в магазин, чтобы не забыть что-то важное и не купить лишнего.

2. **Планируйте бюджет заранее** – рассчитайте, сколько планируете потратить, и не выходите за эти рамки. Если привыкли платить наличными, берите с собой только нужную сумму.

3. **Не ходите в магазин на голодный желудок** – это снижает риск покупки ненужных продуктов.

4. **Используйте опцию «отложить»** – если сомневаетесь в покупке, возьмите товар, потрогайте, примерьте, но не покупайте сразу. Вернитесь через день-два, и станет понятно, действительно ли он нужен.

5. **Следите за ценниками** – иногда на них указывают стоимость за 100 г, а не за весь товар, или маркетинговые акции могут быть невыгодными.

6. **Используйте кешбэк и скидки** – расплачивайтесь картой с кешбэком, следите за акциями, но не покупайте то, что не нужно, только из-за скидки.

7. **Покупайте в гипермаркетах, а не в небольших магазинах** – там товары часто дешевле, особенно если заранее составить список и не отвлекаться на лишние покупки.

8. **Ревизия гардероба перед покупкой одежды** – перед шопингом проверьте, что у вас уже есть, чтобы не купить лишнее.

9. **Не берите корзину или тележку, если покупаете немного** – так будет меньше соблазна набрать лишнего.

10. **Ищите товары на нижних или верхних полках** – часто там стоят более выгодные варианты.

Эти простые привычки помогут контролировать расходы и экономить на повседневных покупках."
156,"Какой месячный срок действует для отказа от допуслуг по кредиту, совпадающий со сроком безуведомительного погашения POS-кредита?","Согласно предоставленной информации, месячный срок для отказа от дополнительных услуг по кредиту и срок безуведомительного погашения POS-кредита совпадают и составляют **30 дней**.

В течение этого периода вы можете:
1. **Отказаться от допуслуг** (например, страховок или других навязанных сервисов) и вернуть за них деньги, подав заявление поставщику услуг.
2. **Досрочно погасить POS-кредит** без уведомления банка или МФО, при этом проценты будут начислены только за фактические дни использования кредита.

Если вы не уложитесь в 30 дней, для досрочного погашения кредита потребуется уведомить кредитора заранее (обычно за 30 дней, но иногда срок может быть короче)."
157,"Чем лизинг полезен на старте бизнеса, а также на стадии роста?","Лизинг полезен как на старте бизнеса, так и на стадии его роста по нескольким причинам:

1. **Доступ к имуществу без крупных первоначальных вложений**
   На старте бизнеса часто не хватает средств на покупку оборудования, транспорта или недвижимости. Лизинг позволяет арендовать необходимое имущество с возможностью выкупа в будущем, распределяя платежи на более длительный срок.

2. **Гибкие условия платежей**
   Лизинговые компании могут учитывать сезонность бизнеса и предлагать удобный график платежей, что особенно важно на стадии роста, когда доходы могут быть нестабильными.

3. **Нет необходимости в залоге**
   Имущество, взятое в лизинг, само по себе выступает залогом, что упрощает оформление сделки по сравнению с кредитом.

4. **Налоговые выгоды**
   Лизинговые платежи учитываются как расходы, снижая налогооблагаемую базу, что помогает сэкономить на налогах.

5. **Возможность выкупа имущества**
   В конце срока лизинга можно выкупить оборудование или транспорт, став его полноправным владельцем.

6. **Льготные программы**
   Например, компания «МСП Лизинг» предлагает льготные ставки (6% для отечественного и 8% для иностранного оборудования) для малого и микропредприятий, что делает лизинг еще более выгодным.

Таким образом, лизинг помогает бизнесу развиваться, не перегружая его финансы на начальном этапе, и обеспечивает гибкость в управлении расходами."
158,Какие базовые правила помогут защититься от финансовых мошенников?,"Вот базовые правила, которые помогут защититься от финансовых мошенников:

1. **Не доверяйте незнакомцам**
   - Не разговаривайте с посторонними о деньгах, даже если они представляются сотрудниками банка, полиции или других организаций.
   - Если вам звонят с подозрительными предложениями, положите трубку и перезвоните в организацию самостоятельно, используя официальные контакты.

2. **Не раскрывайте конфиденциальную информацию**
   - Никогда не сообщайте пароли, ПИН-коды, коды из СМС и данные карты (включая CVC/CVV-код) посторонним.
   - Не вводите реквизиты карты на подозрительных сайтах.

3. **Берегите документы**
   - Не оставляйте паспорт в залог, не копируйте его без необходимости и не отправляйте сканы посторонним.
   - Вводите данные паспорта только на защищенных сайтах надежных организаций.

4. **Используйте банковские сервисы безопасности**
   - Подключите мобильный банк, чтобы оперативно отслеживать операции.
   - Установите самозапрет на кредиты, чтобы мошенники не могли оформить займы на ваше имя.

5. **Будьте осторожны с деньгами**
   - Не храните крупные суммы на карте, которой расплачиваетесь в интернете.
   - Если планируете использовать карту за границей, предупредите банк.

6. **Проверяйте подозрительные сообщения**
   - Не переходите по ссылкам из неожиданных СМС или писем.
   - Убедитесь, что сообщения приходят с официальных номеров (например, СМС от регулятора — с номера 3434).

7. **Будьте бдительны в интернете**
   - Не переводите деньги незнакомцам по первому требованию.
   - Не храните пароли и коды в телефоне или на карте.

Соблюдение этих правил поможет снизить риски финансового мошенничества."
159,Как проверить легальность посредника на рынке инвестиций?,"Чтобы проверить легальность посредника на рынке инвестиций, выполните следующие шаги:

1. **Проверьте лицензию**
   - Убедитесь, что у компании есть лицензия профессионального участника рынка ценных бумаг, выданная Банком России. Проверьте, совпадает ли название компании в реестре с тем, что указано в договоре.
   - Если брокер предлагает заключить договор с зарубежной компанией, это может быть рискованно, так как российские регуляторы не смогут помочь в случае нарушений.

2. **Проверьте наличие в реестре Банка России**
   - Найдите компанию в реестре Банка России, где публикуются лицензии брокеров, управляющих и других финансовых посредников.
   - Если организации нет в реестре, она работает нелегально.

3. **Проверьте членство в саморегулируемой организации (СРО)**
   - Убедитесь, что брокер состоит в Национальной ассоциации участников фондового рынка (НАУФОР). Если компания не входит в СРО, это может быть признаком риска.

4. **Проверьте сайт компании**
   - В поисковых системах «Яндекс» и Mail.ru официальные сайты лицензированных посредников помечаются галочкой в синем кружке. Если такой пометки нет, это может быть мошеннический сайт или новая компания, которую еще не успели проверить.
   - Внимательно изучите адрес сайта — мошенники часто создают дубликаты с небольшими изменениями в URL.

5. **Проверьте, нет ли компании в списке сомнительных организаций**
   - Банк России публикует список компаний с признаками финансовых пирамид. Убедитесь, что ваш посредник не входит в этот список.

6. **Проверьте договор**
   - Перед заключением договора убедитесь, что все его условия вам понятны. Деньги можно переводить только на счет компании, а не на карты или кошельки частных лиц.

Следуя этим шагам, вы сможете минимизировать риски и выбрать надежного посредника для инвестиций."
160,Можно ли через ИИС-3 инвестировать в золото с налоговой выгодой?,"Да, через ИИС-3 можно инвестировать в золото с налоговой выгодой. Вот как это работает:

1. **Инвестиции в драгметаллы**: Через ИИС-3 разрешается вкладывать в драгоценные металлы, включая золото. Это может быть как физическое золото (слитки), так и обезличенные металлические счета (ОМС).

2. **Налоговые льготы**:
   - **Вычет на доход**: ИИС-3 освобождает от НДФЛ прибыль, полученную от операций на счете, включая инвестиции в золото. Это значит, что если вы заработали на разнице цен при продаже золота, налог платить не нужно.
   - **Освобождение от налога при длительном владении**: Если вы владели золотом (например, слитком или ОМС) три года и больше, то от НДФЛ вас освободят. Если продадите раньше, налог (13%) придется заплатить с прибыли.

3. **Дополнительные возможности**: Через ИИС-3 можно также инвестировать в акции и облигации компаний, добывающих золото, что может принести дополнительный доход в виде дивидендов или купонов.

Таким образом, ИИС-3 предоставляет налоговые преимущества для инвестиций в золото, особенно если вы планируете долгосрочное владение."
161,"Почему драгоценные металлы считаются защитой сбережений при высокой инфляции, но на коротком горизонте риск убытка велик?","Драгоценные металлы, такие как золото и серебро, считаются защитой сбережений при высокой инфляции, потому что их стоимость исторически опережает инфляцию в долгосрочной перспективе. Они сохраняют свою ценность даже в периоды экономических кризисов, когда другие активы, например, акции или валюта, могут сильно обесцениться.

Однако на коротком временном горизонте (менее 1–3 лет) инвестиции в драгметаллы могут быть рискованными. Цены на них сильно колеблются под влиянием мировых экономических факторов, спроса и предложения. Например, в 2020 году во время пандемии золото подорожало, но затем его стоимость могла снизиться. Если продать металлы в этот момент, можно получить убыток.

Кроме того, банки и брокеры устанавливают разницу между ценами покупки и продажи (спред), которая может достигать 30%. Это означает, что при быстрой сделке (покупка и продажа в короткий срок) вы можете потерять значительную часть вложений.

**Вывод:** Драгоценные металлы — хороший инструмент для долгосрочного сохранения сбережений (10–20 лет), но на коротком сроке они не гарантируют доход и могут привести к убыткам."
162,Как предпринимателю взять микрозаем на льготных условиях через госпрограмму — с ускоренным оформлением через цифровой профиль?,"Чтобы предпринимателю получить льготный микрозаем через госпрограмму с ускоренным оформлением через цифровой профиль, следуйте этим шагам:

1. **Проверьте соответствие условиям господдержки**:
   - Ваш бизнес должен быть зарегистрирован в России не менее 6 месяцев.
   - Компания или ИП должны входить в реестр субъектов малого и среднего предпринимательства (МСП) или иметь статус самозанятого.
   - У вас не должно быть просрочек по кредитам, долгов по зарплате или процедуры банкротства.
   - Выручка за последний год не должна превышать 2 млрд рублей, а число сотрудников — 250 человек.

2. **Выберите госМФО или банк-участник программы**:
   - Уточните список государственных МФО на сайте Корпорации МСП или в региональных центрах «Мой бизнес».
   - Альтернативно, используйте онлайн-сервис на сайте МСП.РФ для подбора предложений.

3. **Оформите заем через цифровой профиль**:
   - Зарегистрируйтесь на сайте МСП.РФ и заполните профиль бизнеса.
   - Выберите подходящий заем и начните оформление.
   - При авторизации выберите вход через «Госуслуги» — это ускорит процесс.
   - Подтвердите доступ к данным профиля и проверьте автоматически заполненные поля.
   - Подтвердите заявку.

4. **Подайте документы (если требуется)**:
   - Чаще всего данные подтягиваются автоматически, но иногда могут потребоваться дополнительные документы (например, подтверждение доходов или ОКВЭД).

5. **Получите решение и средства**:
   - Обычно решение принимается в течение недели, а ставки по льготным займам могут быть ниже 7% годовых.

Если у вас есть статус самозанятого или бизнес входит в приоритетные отрасли, уточните дополнительные условия на сайте МСП.РФ или в вашем банке."
163,Как избежать штрафов по нескольким кредитам в период праздников?,"Чтобы избежать штрафов по нескольким кредитам в период праздников, можно воспользоваться следующими способами:

1. **Рефинансирование кредитов** – объедините несколько кредитов в один. Это позволит платить по одному платежу в месяц и, возможно, снизить общую переплату. Многие банки предлагают выгодные ставки в преддверии Нового года.

2. **Кредитные каникулы** – если у вас временные финансовые трудности, вы можете оформить отсрочку платежей. В этот период штрафы и пени не будут начисляться, а кредитная история не испортится. Однако проценты по кредиту продолжат начисляться.

3. **Оплата штрафов со скидкой** – некоторые виды штрафов можно оплатить со скидкой (до 50%), если сделать это в первые 20 дней после получения квитанции.

4. **Дистанционное погашение долгов** – используйте мобильные приложения или сайты банков для своевременного внесения платежей, чтобы избежать просрочек. Учтите, что переводы в выходные дни могут зачисляться только в первый рабочий день.

5. **Реструктуризация долга** – если кредитные каникулы недоступны, можно договориться с банком о изменении графика платежей (например, уменьшить ежемесячный платеж за счет увеличения срока кредита).

Выбирайте подходящий вариант в зависимости от вашей ситуации."
164,Чем отличается снижение ставки в госпрограммах от «ипотеки от застройщика»?,"Снижение ставки в госпрограммах и «ипотеке от застройщика» имеет ключевые различия:

1. **Источник компенсации процентов**:
   - В **госпрограммах** (например, семейная ипотека или льготная ипотека на новостройки) часть процентов по кредиту компенсирует государство. Банк выдает кредит по рыночной ставке, а разницу между ней и льготной ставкой покрывает федеральный бюджет.
   - В **ипотеке от застройщика** застройщик сам компенсирует банку недополученные проценты, но за счет завышения цены квартиры. Это означает, что заемщик фактически оплачивает льготную ставку за счет увеличения стоимости жилья.

2. **Срок действия льготы**:
   - В **госпрограммах** льготная ставка действует на весь срок кредита (если не нарушены условия программы).
   - В **ипотеке от застройщика** низкая ставка обычно действует только до сдачи дома (от 1 до 3 лет). После этого ставка становится рыночной, и платежи резко возрастают.

3. **Ограничения по сумме кредита**:
   - В **госпрограммах** действуют лимиты на сумму займа (например, 12 млн рублей в Москве и 6 млн в других регионах).
   - В **ипотеке от застройщика** таких жестких ограничений нет, но цена квартиры может быть завышена на 10–30%.

4. **Дополнительные условия**:
   - В **ипотеке от застройщика** иногда требуется оформление страховки жизни или других услуг, что увеличивает общую стоимость кредита.

Таким образом, госпрограммы более прозрачны и выгодны в долгосрочной перспективе, тогда как «ипотека от застройщика» может скрывать дополнительные расходы."
165,"Где в договоре искать ПСК по кредиту, что она означает?","Полная стоимость кредита (ПСК) — это сумма переплаты по кредиту за весь срок договора, включая проценты и стоимость дополнительных услуг, влияющих на условия займа. Она указывается в квадратной рамке в верхнем правом углу на первой странице кредитного договора.

ПСК показывает, сколько вы переплатите за использование заемных средств, и должна быть указана как в рублях, так и в процентах годовых. Важно проверить, не превышает ли ПСК установленные Банком России предельные значения, которые регулятор устанавливает для разных видов кредитов.

Если в договоре есть дополнительные услуги, их стоимость также включается в ПСК. При отказе от таких услуг условия кредита могут измениться, например, повысится процентная ставка."
166,Куда обращаться при споре по ИСЖ в отличие от претензий к инвестиционному советнику?,"При споре по инвестиционному страхованию жизни (ИСЖ) и претензиях к инвестиционному советнику есть различия в порядке обращения.

**Для споров по ИСЖ:**
1. **Финансовый омбудсмен** – если сумма спора не превышает 500 000 рублей и он возник в течение последних трёх лет. Омбудсмен может помочь урегулировать конфликт, но не рассматривает дела, по которым уже вынесено судебное решение.
2. **Суд** – если сумма претензии больше 500 000 рублей или если омбудсмен не помог. Важно подать иск в течение года после покупки страховки, так как срок исковой давности составляет три года.

**Для претензий к инвестиционному советнику:**
1. **Саморегулируемая организация (СРО)** – можно пожаловаться, но она не обяжет советника выплатить компенсацию.
2. **Банк России** – можно подать жалобу, но это не гарантирует возмещения убытков.
3. **Суд** – единственный способ добиться компенсации, если советник нарушил закон или действовал недобросовестно.

Таким образом, при спорах по ИСЖ можно обратиться к омбудсмену, а при претензиях к советнику – только в суд для получения компенсации."
167,Почему жертвы прошлых обманов часто становятся целью новых мошенников?,"Мошенники часто выбирают в качестве новых жертв людей, которые уже однажды стали их жертвами, по нескольким причинам:

1. **Доверие и наивность** – те, кто уже однажды поверил в обещания быстрых и легких денег, могут быть более доверчивыми и снова поддаться на уловки. Мошенники используют эту слабость, предлагая «компенсации» или «возврат средств» за комиссию.

2. **Базы данных жертв** – аферисты ведут списки людей, которые уже попались на их схемы, и используют эти данные для новых атак. Например, после обвала финансовой пирамиды мошенники могут продать базу данных пострадавших другим преступным группам.

3. **Психологическое воздействие** – люди, потерявшие деньги, могут быть более уязвимыми и готовыми рискнуть снова, надеясь вернуть свои сбережения. Мошенники играют на этом, предлагая «быстрые решения» за плату.

4. **Имитация легитимности** – преступники могут представляться юристами, сотрудниками банков или государственных органов, чтобы выглядеть надежными. Это особенно эффективно работает на тех, кто уже сталкивался с обманом и ищет помощь.

Таким образом, мошенники целенаправленно охотятся на тех, кто уже однажды стал их жертвой, рассчитывая на их доверчивость и отчаяние."
168,Чем отличается банковский вклад от имущественного налогового вычета?,"Банковский вклад и имущественный налоговый вычет — это разные финансовые инструменты, которые преследуют разные цели и имеют разные механизмы работы.

1. **Банковский вклад**
   - Это способ сохранения или накопления денег в банке с выплатой процентов.
   - Доходность фиксированная и заранее известна.
   - Вклады застрахованы государством (если банк участвует в системе страхования вкладов).
   - Риски минимальны, так как доход гарантирован.

2. **Имущественный налоговый вычет**
   - Это налоговая льгота, позволяющая вернуть часть уплаченного НДФЛ при покупке недвижимости или погашении ипотечных процентов.
   - Вычет не связан с доходностью, а компенсирует часть расходов на жилье.
   - Максимальный размер вычета на покупку жилья — 2 млн рублей (возврат 260 тыс. рублей), на проценты по ипотеке — 3 млн рублей (возврат 390 тыс. рублей).
   - Для получения вычета необходимо иметь официальный доход, облагаемый НДФЛ.

Таким образом, вклад — это инструмент накопления, а имущественный вычет — налоговая льгота, связанная с покупкой недвижимости."
169,Почему цена ОСАГО у страховщиков может отличаться в разы?,"Цена полиса ОСАГО у разных страховых компаний может отличаться в разы из-за нескольких ключевых факторов:

1. **Разные базовые тарифы** – каждая страховая компания устанавливает свой базовый тариф (БТ) в рамках тарифного коридора, установленного Банком России. Например, для легковых автомобилей БТ может варьироваться от 1646 до 7535 рублей.

2. **Индивидуальные коэффициенты** – стоимость полиса рассчитывается по формуле: базовый тариф умножается на коэффициенты, зависящие от:
   - **Возраста и стажа водителя** (чем меньше стаж, тем выше коэффициент).
   - **Характеристик автомобиля** (мощность, тип ТС, марка, цвет).
   - **Региона регистрации** (коэффициент территории, например, в Москве он выше, чем в сельской местности).
   - **Статистики аварийности** (если водитель часто попадает в ДТП, страховка дороже).
   - **Срока действия полиса** (краткосрочные полисы могут быть дешевле, но их стоимость зависит от решения страховщика).

3. **Дополнительные факторы, учитываемые страховщиками** – компании могут учитывать грубые нарушения ПДД (зафиксированные инспектором ГИБДД), но не штрафы с камер. Также могут влиять образование, семейное положение и другие статистические данные, но не национальность, вероисповедание или должность.

4. **Отсутствие единых коэффициентов для краткосрочных полисов** – если вы оформляете страховку на срок меньше года, ее стоимость зависит от внутренних расчетов страховой компании, а не от единых правил.

Таким образом, разница в цене ОСАГО у разных страховщиков объясняется как разными базовыми тарифами, так и индивидуальными коэффициентами, которые учитывают риски для каждой конкретной ситуации."
170,Какие признаки выдают финансовую пирамиду в вакансиях с быстрым заработком?,"Финансовые пирамиды часто маскируются под вакансии с быстрым и высоким заработком. Вот основные признаки, которые должны насторожить:

1. **Обещание высокого дохода без рисков**
   - Вакансия обещает неслыханно высокий доход, намного выше рыночного уровня, при этом утверждается, что рисков нет. На финансовом рынке такие гарантии запрещены.

2. **Неясная или сложная схема заработка**
   - Описание работы расплывчатое (например, «инвестиционная деятельность» или «продвижение партнеров»), а подробности обещают раскрыть только при личном общении.

3. **Требование внести депозит или оплатить обучение**
   - Соискателю предлагают внести деньги (от нескольких тысяч до сотен тысяч рублей) якобы для «развития компании» или «доступа к работе». Чем больше взнос, тем выше обещанный доход.

4. **Привлечение новых участников**
   - Вакансия подразумевает, что нужно искать других людей, готовых вложиться в проект, и за это обещают дополнительный доход.

5. **Отказ в трудоустройстве после оплаты**
   - После передачи денег или данных человеку могут отказать в работе под надуманным предлогом, а затем предложить стать «трейдером» или рекрутером для привлечения новых жертв.

6. **Отсутствие лицензий и документов**
   - Компания не предоставляет лицензию, договоры или не значится в реестре Банка России. Если запросить документы, могут отказывать или давать расплывчатые ответы.

7. **Агрессивный маркетинг и давление**
   - Мошенники активно рекламируют вакансию, используют красивые офисы, тематические группы в соцсетях, а также давят на соискателя, утверждая, что «места ограничены» или «нужно срочно внести деньги».

Если вы видите хотя бы один из этих признаков, скорее всего, перед вами финансовая пирамида. Лучше отказаться от сотрудничества и проверить компанию через официальные источники."
171,Какие действия заемщика приводят к ухудшению кредитной репутации по данным БКИ?,"Ухудшение кредитной репутации заемщика по данным бюро кредитных историй (БКИ) может быть вызвано следующими действиями:

1. **Просрочки по кредитам и займам** – даже небольшие задержки (например, на несколько дней) могут негативно повлиять на рейтинг. Чем чаще и дольше просрочки, тем сильнее ухудшается кредитная история.

2. **Многочисленные незакрытые кредиты и займы** – высокая долговая нагрузка повышает риск невыплаты, что снижает рейтинг.

3. **Неиспользуемые кредитные карты** – даже если карта не используется, высокий лимит по ней может негативно влиять на оценку, так как БКИ учитывает потенциальный риск максимального использования лимита.

4. **Отказы от банков и МФО** – если заемщик часто получает отказы, это может снизить его рейтинг, так как статистика показывает, что такие люди чаще допускают просрочки.

5. **Частые запросы кредитной истории** – если за короткий срок несколько организаций запрашивают вашу кредитную историю, БКИ может расценить это как подозрительное поведение и снизить рейтинг.

6. **Оформление кредитов или займов мошенниками** – если на ваше имя оформили долги без вашего ведома, это также испортит кредитную историю, пока не будет доказано обратное.

7. **Банкротство** – процедура банкротства ухудшает кредитную историю, и в будущем получить заем станет сложнее.

Для улучшения кредитной репутации важно своевременно выплачивать долги, регулярно проверять кредитную историю на наличие ошибок и избегать лишних кредитных обязательств."
172,Как избежать ошибок при подписании кредитного договора?,"Чтобы избежать ошибок при подписании кредитного договора, следуйте этим рекомендациям:

1. **Внимательно изучите договор**
   - Проверьте все пункты, особенно сумму кредита, график платежей, процентную ставку и полную стоимость кредита (ПСК). Она должна быть указана в правом верхнем углу первой страницы в квадратной рамке.
   - Убедитесь, что в сумму кредита не включены ненужные дополнительные услуги или страховки без вашего согласия. Если они есть, но вы не хотите их оплачивать, попросите банк внести правки в договор.

2. **Оцените дополнительные услуги**
   - Решите, нужны ли вам предложенные страховки или сервисы. Если они полезны, можно оплатить их отдельно или за счет кредита, но только с вашего согласия.

3. **Используйте право на отказ**
   - У вас есть 5 рабочих дней, чтобы отказаться от подписания договора или изменить его условия. За это время кредитор не может изменить предложенные параметры.

4. **Проверьте лицензию банка**
   - Убедитесь, что у банка есть лицензия Банка России, прежде чем подписывать договор.

5. **Зафиксируйте устные договоренности**
   - Если вы становитесь созаемщиком, обсудите с основным заемщиком все детали (сроки, суммы, условия) и оформите их письменно в соглашении о взаимных обязательствах.

6. **Оформите страховку**
   - Если вы или основной заемщик оформляете страховку, это снизит риски в случае форс-мажора (болезни, потери работы).

7. **Не подписывайте договор, если что-то непонятно**
   - Если есть неясные формулировки, попросите сотрудника банка разъяснить их. Не подписывайте документ, пока не разберетесь во всех условиях.

Следуя этим советам, вы сможете избежать лишних переплат и неприятных сюрпризов."
173,Как облагаются проценты по вкладам с учетом страховой защиты вкладов?,"Проценты по вкладам в банках могут облагаться налогом, но есть лимиты, в рамках которых налог не взимается. Вот ключевые моменты:

1. **Налоговый лимит**:
   - Сумма дохода по вкладам, не облагаемая налогом, рассчитывается как **1 млн рублей × самая высокая ключевая ставка Банка России на первое число любого месяца в году**.
   - Например, в 2024 году максимальная ставка была 21%, поэтому лимит составил **210 000 ₽**. Если доход по всем вкладам за год не превысил эту сумму, налог не взимается.

2. **Особые случаи**:
   - Для вкладов **длиннее 15 месяцев** с выплатой процентов в конце срока к лимиту текущего года добавляются неиспользованные остатки лимитов предыдущих лет.
   - Если проценты по долгосрочному вкладу вписываются в общий лимит (текущий + остатки), налог не начисляется.

3. **Страховая защита вкладов**:
   - **Сумма вклада (без процентов) защищена государством** в пределах **1,4 млн рублей** (если у банка отзовут лицензию).
   - **Проценты по вкладам** не входят в страховую сумму, но их налогообложение зависит от лимита, описанного выше.

4. **Налоговая ставка**:
   - Если доход превышает лимит, налог на превышающую часть составляет **13%** (для доходов до 2,4 млн рублей) или **15%** (свыше 2,4 млн рублей).
   - Банки автоматически направляют информацию о начисленных процентах в ФНС, поэтому подавать декларацию не нужно.

Таким образом, страховая защита вкладов и налогообложение процентов — это разные механизмы. Страховка гарантирует возврат основной суммы, а налог зависит от размера дохода."
174,Чем отличается риск утраты активов при банкротстве доверительного управляющего по сравнению с брокером?,"При банкротстве доверительного управляющего и брокера риски утраты активов клиента различаются по нескольким ключевым аспектам:

1. **Право собственности на активы**:
   - **Доверительный управляющий**: Право собственности на активы всегда остается у клиента. В случае банкротства управляющего клиент может просто перевести свои активы к другому управляющему или брокеру.
   - **Брокер**: В договоре с брокером часто предусмотрено право временного использования активов клиента (например, для кредитования других клиентов). Если брокер обанкротится, эти активы могут быть использованы для погашения его долгов, и их возврат станет сложнее.

2. **Счета и сегрегация активов**:
   - **Доверительный управляющий**: Активы клиента не смешиваются с активами управляющего, что снижает риски их утраты.
   - **Брокер**: Если клиент не открыл сегрегированный счет или не запретил брокеру использовать его активы, деньги могут быть выведены на общий счет брокера. В этом случае при банкротстве их возврат возможен только после долгой процедуры банкротства, и не всегда в полном объеме.

3. **Страхование и гарантии**:
   - **Доверительный управляющий**: Активы клиента не попадают под систему страхования вкладов, но их возврат при банкротстве управляющего обычно проще, так как они остаются в собственности клиента.
   - **Брокер**: Деньги на брокерском счете не застрахованы государством. Однако если клиент открыл сегрегированный счет, он может забрать свои средства, не дожидаясь окончания процедуры банкротства.

Таким образом, при банкротстве доверительного управляющего риск утраты активов ниже, так как они остаются в собственности клиента и не используются управляющим для своих операций. В случае с брокером риски выше, особенно если клиент не ограничил его право распоряжаться активами."
175,"Какие меры безопасности рекомендуются при онлайн-расчетах с картой, в том числе при использовании бонусных программ?","При онлайн-расчетах с картой и использовании бонусных программ рекомендуется соблюдать следующие меры безопасности:

1. **Проверяйте сайты перед оплатой**:
   - Убедитесь, что сайт начинается с **https://** и в адресной строке есть значок закрытого замка.
   - Ищите логотипы защищенных платежных систем (MasterCard SecureCode, Visa Secure, Mir Accept).
   - Не вводите данные карты на подозрительных сайтах с заманчивыми, но слишком низкими ценами.

2. **Используйте безопасные платежные шлюзы**:
   - Оплата должна перенаправлять вас на страницу банка, где придет **одноразовый код подтверждения** (SMS или push-уведомление).
   - Никому не сообщайте этот код.

3. **Заведите отдельную карту для интернет-покупок**:
   - Это снизит риски, если данные карты будут украдены.
   - Не привязывайте к сайтам кредитные карты, чтобы избежать долгов.

4. **Не сохраняйте данные карты на сайтах**:
   - Вводите реквизиты вручную перед каждой покупкой.

5. **Будьте осторожны с бонусными программами**:
   - Если оператором кошелька является банк, можно привязать к нему карту для удобства, но следите за безопасностью.
   - Не переходите по подозрительным ссылкам из сообщений о ""бонусах"" или ""скидках"".

6. **Подключите уведомления об операциях**:
   - СМС или push-уведомления помогут быстро заметить несанкционированные платежи.

7. **Не используйте открытые Wi-Fi для банковских операций**:
   - Это снижает риск перехвата данных.

8. **Не реагируйте на фишинговые сообщения**:
   - Мошенники могут маскироваться под магазины, банки или бонусные программы. Проверяйте официальные источники.

Следуя этим рекомендациям, вы минимизируете риски при онлайн-оплатах и использовании бонусных программ."
176,"Примут ли в банке ветхие иностранные купюры так же, как поврежденные рубли?","Ветхие и поврежденные иностранные купюры банки могут принимать, но условия обмена могут отличаться.

Для ветхих купюр (если они не повреждены) банк не вправе отказать в обмене, если они остаются законным платежным средством в стране выпуска. Однако для поврежденных купюр банки действуют на свое усмотрение и могут отказаться их принимать.

Если купюры сильно повреждены (например, обгорели, размокли или потеряли значительную часть), их можно отнести в банк для экспертизы. Если сохранилось не менее 55% площади банкноты, ее могут обменять. В противном случае обмен невозможен.

Для обмена крупных сумм (от 40 000 рублей) потребуется паспорт, а в некоторых случаях — дополнительные документы, подтверждающие легальность происхождения валюты."
177,Какие возрастные ограничения есть при накоплении на ребенка через вклад по сравнению с НСЖ?,"При накоплении на ребенка через **вклад** и **накопительное страхование жизни (НСЖ)** действуют разные возрастные ограничения:

### **Вклад в пользу ребенка**
1. **Открытие вклада** – может быть оформлен родителями, опекунами или другими законными представителями на имя ребенка.
2. **Доступ к процентам** – с 14 лет ребенок может снимать начисленные проценты.
3. **Доступ к основной сумме** – только после 18 лет. До этого возраста ни родители, ни другие лица не могут снять деньги без разрешения органов опеки.
4. **Самостоятельное открытие** – с 14 лет ребенок может открыть вклад самостоятельно и распоряжаться им.

### **Накопительное страхование жизни (НСЖ) на ребенка**
1. **Оформление полиса** – обычно возможно, когда ребенку исполнилось **полгода-год** (точные ограничения зависят от страховой компании).
2. **Возрастные ограничения** – полис можно оформить, пока ребенку не исполнилось **17 лет**.
3. **Доступ к накоплениям** – ребенок получит сумму по окончании договора (например, через 13 лет), но не раньше.

### **Ключевые отличия**
- **Вклад** позволяет снимать проценты с 14 лет, но основную сумму – только с 18.
- **НСЖ** требует, чтобы ребенку было **не менее 6 месяцев** при оформлении, а доступ к деньгам возможен только по окончании срока договора.

Если вам нужны более точные условия, уточняйте их в банке или страховой компании."
178,Как с 2025 года отличаются ставки НДФЛ по инвестиционным доходам от ставок по прочим доходам?,"С 2025 года ставки НДФЛ по инвестиционным доходам и прочим доходам рассчитываются отдельно.

**Для инвестиционных доходов** (проценты по вкладам, дивиденды, прибыль от продажи ценных бумаг, недвижимости и других активов) ставка НДФЛ зависит от суммарного размера таких доходов за год:
- 13% – если инвестиционные доходы не превышают 2,4 млн рублей;
- 15% – если превышают 2,4 млн рублей.

**Для прочих доходов** (зарплата, аренда, выигрыши, прибыль от МФО и т. д.) применяется прогрессивная шкала НДФЛ:
- 13% – до 2,4 млн рублей;
- 15% – от 2,4 млн до 5 млн рублей;
- 18% – от 5 млн до 20 млн рублей;
- 20% – от 20 млн до 50 млн рублей;
- 22% – свыше 50 млн рублей.

Таким образом, с 2025 года инвестиционные доходы и другие доходы облагаются налогами по разным правилам."
179,"Как подготовиться к выбору карты с кешбэком, чтобы получать максимальный возврат?","Чтобы выбрать карту с кешбэком и получать максимальный возврат, следуйте этим шагам:

1. **Определите, какой вид кешбэка вам подходит**:
   - **Деньги** – если вам нужны наличные средства.
   - **Бонусы** – если вы часто покупаете в определенных магазинах или используете скидки.
   - **Мили** – если вы часто путешествуете и хотите сэкономить на билетах.

2. **Проанализируйте свои расходы**:
   - Ведите учет покупок в течение 1–2 месяцев, разделяя их по категориям (продукты, бензин, развлечения и т. д.).
   - Определите, на какие категории уходит большая часть бюджета, чтобы выбрать карту с максимальным кешбэком именно по ним.

3. **Изучите предложения банков в вашем регионе**:
   - Сравните проценты кешбэка, условия начисления и ограничения (например, только в определенных магазинах).
   - Уточните, зависит ли процент возврата от суммы покупок (чем больше тратите, тем выше кешбэк).

4. **Учтите комиссии за обслуживание**:
   - Карты с кешбэком часто дороже в обслуживании, чем обычные. Сравните стоимость и выгоду.

5. **Проверьте сроки начисления кешбэка**:
   - Некоторые банки возвращают деньги в конце месяца, другие – с задержкой.

6. **Рассмотрите кобрендинговые карты**:
   - Если вы часто покупаете у партнеров банка, такие карты могут давать дополнительные бонусы.

Пример: Марина выбрала карту с высоким кешбэком на автозаправках, так как ее муж часто заправляет машину. Это позволило семье экономить 1000–1500 рублей в месяц, которые они потратили на курсы рисования.

Если в вашем случае есть нерегулярные, но крупные расходы (например, авиабилеты), можно рассмотреть отдельную карту с кешбэком именно по этим категориям."
180,"Где получить бесплатную помощь, чтобы подготовиться к участию в госзакупках?","Для подготовки к участию в госзакупках можно воспользоваться несколькими бесплатными источниками помощи:

1. **Корпорация МСП**:
   - **Гид по закупкам** – сервис, где специалисты ответят на вопросы, помогут с поиском подходящих закупок, подготовкой документов и оформлением договора.
   - **Семинары и обучение** – на Цифровой платформе МСП в разделе «Бизнес-обучение» (доступ через «Госуслуги») можно найти расписание встреч с крупными заказчиками, где рассказывают о госзакупках.

2. **Портал госзакупок**:
   - Раздел «Вопросы и ответы» содержит полезную информацию для начинающих поставщиков.

3. **Региональные многофункциональные центры (МФЦ)**:
   - Через МФЦ доступны все услуги Корпорации МСП, включая консультации по госзакупкам.

4. **Центры «Мой бизнес»**:
   - Предоставляют бесплатные очные и онлайн-консультации по регистрации бизнеса, налогообложению, бухучету и кредитованию.

5. **Региональные фонды поддержки малого бизнеса**:
   - Организуют обучение и консультации для предпринимателей.

6. **Электронные торговые площадки**:
   - На сайтах площадок (например, «Сбербанк-АСТ») есть инструкции и обучающие ролики для начинающих.

Эти ресурсы помогут разобраться в процедуре госзакупок и успешно подготовиться к участию в торгах."
181,Чем опасна установка программ из непроверенных источников?,"Установка программ из непроверенных источников может привести к серьезным последствиям, включая кражу денег, личных данных и даже полный контроль над устройством. Вот основные риски:

1. **Заражение вредоносным ПО**
   - Программы из ненадежных источников могут содержать вирусы, которые крадут банковские реквизиты, пароли и коды из СМС.
   - Некоторые приложения могут скрывать свой истинный тип (например, маскируясь под PDF, но на самом деле являясь исполняемым файлом `.exe`).

2. **Шпионские программы**
   - Мошенники могут использовать легальные программы удаленного доступа, чтобы управлять устройством и получать доступ к конфиденциальной информации.
   - Вредоносные приложения могут перехватывать ввод с клавиатуры, скриншоты и уведомления.

3. **Фишинг и мошеннические схемы**
   - Некоторые программы предлагают ""призы"" или ""выгодные условия"", но на самом деле собирают данные для кражи денег.
   - Мошенники могут маскировать вредоносные приложения под легальные, например, подделывая магазины приложений.

4. **Ошибки пользователя**
   - Даже антивирус не защитит, если пользователь сам установит программу с повышенными правами, которая отключит защиту.

**Рекомендации:**
- Устанавливайте приложения только из официальных магазинов (Google Play, App Store, официальные сайты разработчиков).
- Проверяйте запросы приложений (доступ к данным, камере, сообщениям).
- Регулярно удаляйте ненужные программы.
- Не переходите по ссылкам от незнакомцев и не устанавливайте программы по их просьбе."
182,Как открыть вклад дистанционно с учетом безопасности биометрии?,"Открыть вклад дистанционно с использованием биометрии можно следующим образом:

1. **Подготовка**:
   - Убедитесь, что у вас есть подтвержденная учетная запись на портале **Госуслуги**.
   - Если у вас нет биометрии в Единой биометрической системе (ЕБС), сначала нужно её сдать. Для этого посетите отделение любого банка, где есть оборудование для записи биометрии. Вам потребуется паспорт, СНИЛС и согласие на обработку данных. Сотрудник банка сфотографирует ваше лицо и запишет голос, после чего данные отправятся в ЕБС.

2. **Выбор банка и услуги**:
   - Выберите банк, который поддерживает удаленную идентификацию по биометрии. Большинство российских банков подключены к ЕБС.
   - Перейдите в личный кабинет или мобильное приложение банка, где вы хотите открыть вклад.

3. **Идентификация и оформление**:
   - Введите данные для входа в личный кабинет (если уже являетесь клиентом) или начните процесс регистрации.
   - Выберите услугу открытия вклада и следуйте инструкциям на экране.
   - При подтверждении личности система предложит использовать биометрию. Подтвердите операцию, сканируя лицо или голос.
   - Подпишите договор онлайн, если условия вас устроят.

4. **Дополнительные меры безопасности**:
   - Перед оформлением внимательно изучите условия договора.
   - После завершения процедуры проверьте, что биометрические данные используются только разрешенными организациями. Это можно настроить в личном кабинете на **Госуслугах** в разделе «Биометрия».

Если у вас возникнут проблемы с распознаванием биометрии (например, из-за травмы или болезни), система может не идентифицировать вас, и потребуется повторная сдача данных.

Также банк может отказать в услуге даже после успешной идентификации, если вы не соответствуете его требованиям (как и при личном посещении офиса)."
183,Какие меры принимает Банк России для защиты инвесторов в период санкций?,"Банк России принимает несколько мер для защиты инвесторов в период санкций:

1. **Защита иностранных ценных бумаг**: После объявления санкций компаниям дается две-четыре недели, чтобы завершить операции. В этот период посредники должны защитить интересы клиентов, включая перевод иностранных бумаг в другие депозитарии.

2. **Реструктуризация кредитов**: Для компаний, пострадавших от санкций, доступны кредитные каникулы — перерыв в платежах по кредитам на срок до полугода. Банк России рекомендует кредиторам идти навстречу заемщикам, изменять графики платежей и не начислять штрафы за просрочки.

3. **Заморозка ПИФов**: Банк России разработал механизм, позволяющий инвесторам постепенно восстанавливать возможность распоряжаться активами в паевых инвестиционных фондах (ПИФах), где оказались заблокированные бумаги.

4. **Ограничения для неквалифицированных инвесторов**: Чтобы снизить риски новых блокировок, неквалифицированные инвесторы могут только продавать, но не покупать зарубежные акции.

5. **Санация банков**: Банк России может участвовать в капитале проблемных банков через Фонд консолидации банковского сектора, что позволяет быстрее восстановить их финансовое состояние. При этом условия договоров для вкладчиков и заемщиков остаются неизменными.

Эти меры направлены на минимизацию рисков для инвесторов и поддержание стабильности финансового рынка."
184,Какие налоговые льготы доступны по страхованию жизни?,"По страхованию жизни доступны следующие налоговые льготы:

1. **Налоговый вычет на взносы**
   - Возвращается часть уплаченного НДФЛ (13%) при оформлении полиса сроком от 5 лет.
   - Максимальный лимит вычета — 150 000 ₽ в год (ранее — 120 000 ₽).
   - Возврат не может превышать сумму уплаченного НДФЛ за год.

2. **Освобождение от налога на выплаты**
   - **Страховое возмещение по риску смерти** не облагается НДФЛ.
   - **Выплата по дожитию** освобождается от налога, если:
     - Вы делали взносы за себя.
     - Доход по полису не превышает лимит, рассчитанный как сумма взносов за каждый год, умноженная на среднюю ключевую ставку Банка России за тот же год. Если доход больше, НДФЛ взимается только с превышения.

3. **Социальный налоговый вычет**
   - Можно вернуть 13% от суммы, потраченной на полис страхования жизни сроком от 5 лет.
   - Размер вычета зависит от уплаченного НДФЛ.

Эти льготы позволяют снизить налоговую нагрузку и сделать страхование жизни более выгодным."
185,Какие инструменты помогут паре прозрачно вести общие расходы?,"Для прозрачного ведения общих расходов паре могут помочь следующие инструменты:

1. **Общий банковский счет с двумя картами** – удобная альтернатива «советской тумбочке». Каждый партнер может снимать деньги, а также отслеживать траты и остаток средств через личный кабинет онлайн-банка.

2. **Приложения для совместного учета расходов** – например, Monefy или Easyfinance. Они позволяют вести учет доходов и расходов одновременно двум людям, синхронизировать данные между устройствами и наглядно видеть структуру трат.

3. **Совместный финансовый план** – помогает договариваться о распределении средств, учитывать обязательные траты и накопления.

4. **Страхование и защита от финансовых рисков** – дополняет общий бюджет, обеспечивая стабильность.

Выбор инструмента зависит от предпочтений пары, но важно регулярно обновлять данные и обсуждать финансовые цели."
186,Почему не стоит спешить с микрозаймом?,"Не стоит спешить с микрозаймом по нескольким причинам:

1. **Высокие проценты**. Даже если ставка кажется небольшой (например, 0,8% в день), в годовом исчислении это может составить 292%. Переплата может оказаться слишком большой.

2. **Риск мошенничества**. Некоторые МФО могут не быть зарегистрированы в государственном реестре, что увеличивает шансы столкнуться с недобросовестными компаниями.

3. **Дополнительные услуги**. МФО могут навязывать ненужные платные сервисы, что увеличит общую стоимость займа.

4. **Просрочки и штрафы**. Если вы не уверены, что сможете вернуть деньги вовремя, лучше выбрать другой вариант займа, чтобы избежать испорченной кредитной истории и дополнительных штрафов.

5. **Возможность пересмотреть решение**. У вас есть 5 дней, чтобы обдумать предложение МФО, и условия за это время не изменятся.

Лучше рассмотреть альтернативные варианты, такие как кредитные карты с беспроцентным периодом или рассрочка, чтобы избежать высоких переплат."
187,"Зачем перед вводом личных данных проверять подлинность сайта, а также источник установки приложения?","Проверка подлинности сайта и источника установки приложения необходима для защиты от мошенничества, фишинга и кражи личных данных. Вот основные причины:

1. **Защита от фишинга** – мошенники создают сайты-двойники, которые внешне похожи на официальные, но с небольшими изменениями в адресе (например, лишняя буква или другой домен). Ввод данных на таких сайтах приводит к их краже.

2. **Безопасность соединения** – настоящие сайты используют защищенный протокол **HTTPS** (с значком замка в адресной строке), что гарантирует шифрование данных. Фишинговые сайты могут имитировать HTTPS, но их подлинность нужно проверять дополнительно.

3. **Защита от вредоносных приложений** – скачивание приложений из неофициальных источников может привести к заражению устройства вирусами, которые крадут пароли, данные карт и доступ к банковским счетам.

4. **Предотвращение кражи личных данных** – мошенники могут использовать поддельные сайты и приложения, чтобы выманить у вас пароли, реквизиты карт и другую конфиденциальную информацию.

5. **Снижение риска финансовых потерь** – ввод данных на ненадежных ресурсах может привести к списанию денег с ваших счетов или оформлению кредитов без вашего ведома.

**Как проверить подлинность сайта?**
- Внимательно проверяйте адресную строку (особенно домен и HTTPS).
- Ищите значок замка в адресной строке.
- Сравнивайте дизайн и контент с официальным сайтом.
- Используйте закладки, чтобы не вводить адрес вручную.

**Как безопасно устанавливать приложения?**
- Скачивайте только из официальных магазинов (App Store, Google Play).
- Устанавливайте антивирусы и обновляйте их.
- Не переходите по ссылкам из подозрительных сообщений.

Эти меры помогут избежать мошеннических схем и защитить ваши данные."
188,Какие официальные каналы поддержки описаны для пострадавших от пандемии?,"Для пострадавших от пандемии предпринимателей и бизнеса государство предлагает следующие официальные каналы поддержки:

1. **Реструктуризация кредитов** – возможность пересмотреть график платежей, уменьшить ежемесячные выплаты или отложить возврат долга. Обратиться могут компании, ИП и самозанятые.

2. **Льготные кредиты** – кредиты под гарантию Корпорации МСП по ставке не выше 8% годовых с отсрочкой платежей до 3 месяцев. Получить их можно до 30 декабря 2021 года.

3. **Гранты** – безвозмездные субсидии в размере одного МРОТ (12 792 рубля на 2021 год) на каждого работника. Деньги можно потратить на любые нужды бизнеса.

4. **Отсрочка по налогам** – для малого и среднего бизнеса, пострадавшего из-за пандемии.

5. **Кредитные каникулы** – возможность приостановить выплаты по кредитам.

6. **Поручительства по кредитам** – государственные гарантии для получения заемных средств.

7. **Региональные и федеральные программы поддержки** – информацию о них можно найти на сайтах:
   - **МСП.РФ** (для всех отраслей),
   - **Министерства сельского хозяйства** (для аграрного сектора),
   - **Фонда содействия инновациям** (для научно-технической сферы),
   - **сайтах местных органов власти** (в разделах для предпринимателей).

Эти меры направлены на помощь бизнесу в условиях кризиса, вызванного пандемией."
189,Чем различается рассрочка у туроператора по сравнению с рассрочкой у застройщика?,"Рассрочка у туроператора и рассрочка у застройщика имеют несколько ключевых различий:

1. **Сроки и условия оплаты**:
   - **Туроператоры** обычно предлагают рассрочку на 2–4 недели до отъезда, при этом цена путевки фиксируется, и вы платите только половину стоимости при бронировании.
   - **Застройщики** предлагают рассрочку на 1–3 года, где оплата разбивается на несколько этапов (например, 15% при заключении договора, 15% через год, остальное — при сдаче дома).

2. **Цель и объект**:
   - **Туроператоры** предлагают рассрочку на туры, что позволяет клиентам заранее забронировать поездку, не оплачивая полную стоимость сразу.
   - **Застройщики** предлагают рассрочку на покупку недвижимости, что позволяет растянуть платежи на длительный срок, но с рисками, связанными с ипотекой.

3. **Риски и последствия**:
   - **Туроператоры** не накладывают серьезных штрафов за просрочку, но могут аннулировать бронь.
   - **Застройщики** могут начислить штрафы за просрочку или даже расторгнуть договор, а уже внесенные взносы могут быть возвращены не полностью.

4. **Финансовые последствия**:
   - **Туроператоры** не требуют дополнительных процентов или комиссий, но цена тура фиксируется.
   - **Застройщики** могут завышать цены на квартиры в рассрочку, а при оформлении ипотеки на остаток суммы переплата банку будет выше, чем при стандартной ипотеке.

Таким образом, рассрочка у туроператора более гибкая и краткосрочная, тогда как рассрочка у застройщика связана с долгосрочными обязательствами и рисками."
190,Почему оплата через мобильные платежные системы безопаснее ввода реквизитов карты на сайтах?,"Оплата через мобильные платежные системы (Apple Pay, Google Pay, Mir Pay, Samsung Pay) безопаснее ввода реквизитов карты на сайтах по нескольким причинам:

1. **Шифрование данных** – устройство не запоминает реквизиты карты, а шифрует их и передает платежной системе. Продавец не видит номер карты, срок действия или CVV-код, поэтому не может списать деньги без вашего согласия.

2. **Защита от фишинга** – даже если вы попадете на фишинговый сайт, мошенники не получат доступ к вашим банковским данным, так как реквизиты не вводятся напрямую.

3. **Использование безопасных шлюзов** – при оплате через мобильные системы вас перенаправляют на защищенную страницу банка, где требуется подтверждение операции через одноразовый код (SMS или push-уведомление).

4. **Отсутствие хранения данных** – в отличие от сохранения реквизитов в приложениях интернет-магазинов, которые могут быть взломаны, мобильные платежные системы не хранят полные данные карты.

5. **Дополнительная защита** – многие системы используют технологии вроде 3D-Secure (MasterCard SecureCode, Visa Secure, Mir Accept), которые требуют подтверждения операции через банк.

Таким образом, мобильные платежные системы создают дополнительный уровень защиты, минимизируя риски утечки данных и мошеннических списаний."
191,Страхование крупного кредита при обычном обслуживании отличается от требований при рефинансировании?,"Да, страхование крупного кредита при рефинансировании имеет свои особенности по сравнению с обычным обслуживанием.

1. **Обязательность страховки при рефинансировании**:
   - При рефинансировании ипотеки или автокредита банк, как правило, требует оформить новую страховку, даже если у вас уже есть действующий полис. Это связано с тем, что в старом полисе получателем выплат указан предыдущий банк, а не новый.
   - После досрочного погашения старого кредита можно вернуть часть денег за ненужную старую страховку.

2. **Сравнение условий страхования**:
   - При рефинансировании важно сравнить условия страхования у разных страховщиков, так как банк может предложить свой вариант, но вы вправе выбрать другой полис, соответствующий требованиям кредитора.
   - Банк обязан предоставить список страховых компаний, чьи полисы он принимает, а также требования к страхованию.

3. **Влияние страховки на процентную ставку**:
   - При рефинансировании наличие страховки может повлиять на процентную ставку по кредиту. Если вы откажетесь от страховки, ставка может быть выше.

4. **Дополнительные расходы**:
   - При рефинансировании могут возникнуть дополнительные расходы, связанные с оформлением новой страховки, оценкой заложенного имущества и другими услугами.

Таким образом, при рефинансировании требования к страхованию могут быть более строгими, и важно заранее уточнить все условия у банка."
192,Зачем учитывать риск развода при планировании ипотеки?,"Риск развода при планировании ипотеки стоит учитывать, потому что:

1. **Раздел имущества и долгов** – Ипотечная квартира, купленная в браке, считается совместно нажитым имуществом и делится пополам, даже если договор оформлен на одного из супругов. Общие долги, включая ипотеку, также делятся поровну, даже если кредит брал только один из супругов.

2. **Сложности с банком** – Любые сделки с заложенным жильем требуют согласования с банком. Если супруги хотят разделить долг или недвижимость, банк может потребовать переоформления кредита, проверить платежеспособность каждого и даже повысить ставку или отказать в изменении условий.

3. **Финансовые риски** – Если один из супругов перестанет платить по ипотеке, второй будет вынужден покрывать его долг, иначе есть риск потерять жилье. В случае невыплаты банк может взыскать заложенную недвижимость и продать ее, а оставшуюся сумму разделить между бывшими супругами (если она останется).

4. **Проблемы с проживанием** – Если супруги продолжают жить вместе после развода, но не оформляют раздел долга, тот, кто не платит, может претендовать на свою долю в течение трех лет. Если же жилье оформлено только на одного, второй рискует потерять право на долю, если не выделит ее в течение этого срока.

5. **Дополнительные затраты** – В случае развода могут возникнуть судебные споры о разделе имущества, компенсации платежей или восстановлении сроков исковой давности, что повлечет дополнительные расходы.

Учитывая эти факторы, важно заранее продумать, как будет распределяться ипотечная нагрузка, и согласовать условия с банком, чтобы минимизировать риски."
193,"Где государство не обеспечивает защиту ваших денег: в ИСЖ, паевых фондах на брокерском счете или в жилищно‑накопительном кооперативе?","Государство не обеспечивает защиту ваших денег в следующих случаях:

1. **Инвестиционное страхование жизни (ИСЖ)** – вложения в ИСЖ не входят в систему страхования вкладов. Если страховщик обанкротится, вы можете потерять часть или все внесенные деньги.

2. **Паевые фонды на брокерском счете** – деньги на брокерских счетах не застрахованы государством. В случае банкротства брокера есть риск потери средств.

3. **Жилищно-накопительный кооператив (ЖНК)** – взносы пайщиков не застрахованы государством. При банкротстве кооператива участники вряд ли получат назад все свои вложения.

Таким образом, в этих трех случаях государственная защита не действует."
194,Вернут ли деньги за ОСАГО при продаже автомобиля по сравнению со случаем отзыва лицензии у страховщика?,"Да, при продаже автомобиля можно вернуть часть денег за ОСАГО, в отличие от случая отзыва лицензии у страховщика.

**При продаже автомобиля:**
- Договор ОСАГО можно досрочно расторгнуть, и вам вернут часть уплаченной суммы пропорционально неиспользованному сроку действия полиса.
- Из суммы возврата страховщик вычтет 23% в качестве компенсации своих расходов.

**При отзыве лицензии у страховщика:**
- Договоры ОСАГО продолжают действовать, и деньги за них не возвращаются.
- Выплаты по страховым случаям производятся из гарантийного фонда Российского союза автостраховщиков (РСА).

Таким образом, при продаже автомобиля возврат возможен, а при отзыве лицензии — нет."
195,"Как перейти к новому брокеру, если у вас ИИС-3?","Чтобы перейти к новому брокеру, если у вас уже есть ИИС-3, следуйте этим шагам:

1. **Выберите нового брокера**, который работает с теми ценными бумагами, что у вас уже есть. Уточните, взимает ли ваш текущий брокер комиссию за перевод активов.

2. **Заключите договор** с новым брокером, открыв ИИС-3. Убедитесь, что новый счет пустой, так как пополнить его с другого ИИС-3 нельзя.

3. **Подайте заявление** текущему брокеру о переводе активов. Укажите реквизиты нового счета. Старый ИИС-3 будет закрыт после перевода.

4. **Переведите все активы** (деньги и ценные бумаги) на новый счет. Это можно сделать через мобильное приложение, личный кабинет или в офисе брокера.

5. **Расторгните договор** с прежним брокером в течение месяца после перевода.

**Важно:**
- Налоговые льготы сохранятся, если вы выполните все шаги в течение 30 дней.
- Если у вас уже есть три ИИС-3, открытие четвертого не отменит льготы, если вы не будете его использовать и закроете в срок.

Если у вас ИИС-1 или ИИС-2, сначала трансформируйте его в ИИС-3, а затем переводите активы."
196,Где проверить официальность сайта продавца ОСАГО?,"Чтобы проверить официальность сайта продавца ОСАГО, выполните следующие шаги:

1. **Проверьте лицензию страховщика** – убедитесь, что у компании есть действующая лицензия на ОСАГО. Для этого посетите сайт Банка России или Российского союза автостраховщиков (РСА).

2. **Используйте реестры регулятора** – адреса официальных сайтов страховых компаний и маркетплейсов можно найти в реестрах Банка России или на сайте РСА.

3. **Ориентируйтесь на маркировку в поисковиках** – в «Яндекс» и Mail.ru легальные финансовые компании помечены специальной галочкой.

4. **Проверьте посредников** – если вы покупаете полис через агента или брокера, уточните их полномочия на сайте страховой компании или по горячей линии.

5. **Сравните адреса** – убедитесь, что сайт продавца совпадает с официальными данными в реестрах.

Если после проверки у вас остались сомнения, лучше оформить полис напрямую на сайте страховой компании."
197,Как отличается доступ к деньгам в ИСЖ по сравнению с продажей паев биржевых фондов?,"Доступ к деньгам в инвестиционном страховании жизни (ИСЖ) и при продаже паев биржевых фондов (БПИФов) имеет ключевые различия:

1. **Досрочное расторжение ИСЖ**
   - Если период охлаждения (обычно 14 дней) закончился, выкупная сумма по ИСЖ почти никогда не включает инвестиционный доход и может быть меньше вложенных средств, а в первые годы даже равна нулю.
   - Разрывать договор досрочно крайне невыгодно, так как вы получите только часть вложений.

2. **Продажа паев биржевых фондов**
   - Паи БПИФов торгуются на бирже, как акции, и их можно продать в любой момент в дни работы биржи.
   - Деньги поступают на брокерский счет сразу после сделки, так как цены паев пересчитываются непрерывно.
   - Ликвидность высокая, а комиссии при продаже через брокера обычно ниже, чем при погашении паев через управляющую компанию (УК).

Таким образом, доступ к деньгам в ИСЖ ограничен и невыгоден при досрочном расторжении, тогда как продажа паев БПИФов позволяет быстро и с минимальными потерями получить средства."
198,Как закон ограничивает штрафы за просрочку по кредитной карте по сравнению с микрозаймом?,"Закон ограничивает штрафы за просрочку платежей по кредитной карте и микрозайму, но с некоторыми различиями:

1. **Кредитная карта**:
   - Если банк продолжает начислять проценты по кредитке, штраф за просрочку может увеличить ставку на **20%**.
   - Если банк прекращает начислять проценты, штраф составляет **не более 0,1% в день** от суммы просрочки.

2. **Микрозаем (МФО)**:
   - Для займов, оформленных **после 1 июля 2023 года**, общая переплата (включая проценты, штрафы, пени и дополнительные услуги) не может превышать сумму займа **более чем в 1,3 раза**.
   - Для займов, оформленных **с начала 2020 года**, максимальная переплата ограничена **1,5 раза** от суммы займа.
   - Неустойка за просрочку не может быть выше **0,1% в день** от суммы просрочки, а если МФО продолжает начислять проценты, штрафы и пени не должны превышать **20% годовых**.

Таким образом, по кредитной карте штрафы могут быть выше (до 20% к ставке), но по микрозаймам общая переплата строже ограничена (1,3–1,5 раза от суммы займа)."
199,Как проверить легальность финансовой компании перед переводом денег?,"Чтобы проверить легальность финансовой компании перед переводом денег, выполните следующие шаги:

1. **Проверьте наличие в реестре Банка России**
   Убедитесь, что компания зарегистрирована в реестре Банка России. Это можно сделать, введя её юридическое название в поисковую строку на сайте регулятора. Если организации нет в реестре, она работает нелегально.

2. **Изучите список сомнительных организаций**
   Банк России публикует перечень компаний и интернет-проектов с признаками финансовых пирамид. Проверьте, не входит ли ваша компания в этот список.

3. **Проверьте адрес сайта**
   При переходе на сайт компании внимательно изучите его адрес. Мошенники часто создают сайты-дубликаты, отличающиеся от оригинальных всего одним-двумя символами.

4. **Убедитесь, что компания не входит в список недобросовестных**
   Проверьте организацию в «Списке недобросовестных работодателей» на сайте Роструда.

5. **Проверьте ИНН компании**
   Если на сайте указан ИНН, запросите выписку из Единого государственного реестра юрлиц. Если фирмы с таким ИНН нет или она ликвидирована, это мошенники.

6. **Обратите внимание на сроки регистрации**
   Если компания зарегистрирована недавно, это может быть фирма-однодневка. Проверьте её основные виды деятельности.

7. **Изучите финансовое состояние**
   На сервисе «Федресурс» можно проверить, не подавали ли на компанию в суд за долги.

8. **Проверьте наличие лицензий**
   Некоторые финансовые организации должны иметь специальные лицензии. Убедитесь, что у компании есть необходимые разрешения.

9. **Изучите отзывы и репутацию**
   Проверьте отзывы о компании на тематических форумах, в соцсетях и других источниках.

Следуя этим шагам, вы сможете минимизировать риски и избежать мошеннических схем."
200,"Как оспорить ошибку в кредитной истории, появившуюся после передачи долга новым кредитором?","Чтобы оспорить ошибку в кредитной истории, возникшую после передачи долга новому кредитору, следуйте этим шагам:

1. **Проверьте информацию о новом кредиторе**:
   - Уточните, кому передан ваш долг, через сайт МФО или обратившись в саморегулируемую организацию (СРО), в которой состояла МФО.
   - Проверьте, работает ли банковский счет МФО, чтобы внести платеж напрямую.

2. **Напишите заявление новому кредитору**:
   - Если сумма долга или штрафы указаны неправильно, направьте заявление новому кредитору с требованием пересчитать задолженность.
   - Приложите к заявлению чеки или выписки, подтверждающие ваши платежи.

3. **Обратитесь в бюро кредитных историй (БКИ)**:
   - Если кредитор не исправил ошибку, подайте заявление в БКИ об оспаривании кредитной истории.
   - Бюро перешлет ваше заявление кредитору и проверит информацию в течение 30 дней.

4. **Проверьте кредитную историю повторно**:
   - После исправления ошибки убедитесь, что данные обновлены во всех БКИ.
   - Если информация не исправлена, обратитесь в суд.

5. **Используйте нотариальный депозит (если долг не найден)**:
   - Если новый кредитор не объявился, положите остаток долга на депозит у нотариуса. Это защитит вас от штрафов и испорченной кредитной истории.

Если кредитор уже не существует, исправлять ошибку придется через его правопреемника или в судебном порядке."
201,"Как оформить возврат части расходов на обучение в виде налогового вычета, включая сроки поступления денег?","Чтобы оформить налоговый вычет за обучение, выполните следующие шаги:

1. **Подготовьте документы**:
   - Справку об оплате образовательных услуг (образец можно найти на сайте ФНС).
   - Договор с образовательным учреждением (если оформляете вычет через ФНС).
   - Налоговую декларацию 3-НДФЛ (если подаете заявление через ФНС).

2. **Выберите способ получения вычета**:
   - **Через работодателя**: Удобно, если хотите получать вычет ежемесячно. Для этого запросите подтверждение права на вычет в налоговой (через личный кабинет или лично) и передайте его работодателю. Он перестанет удерживать НДФЛ с вашей зарплаты.
   - **Через ФНС**: Подойдет, если хотите получить всю сумму вычета сразу. Подайте заявление и документы в налоговую (лично или онлайн через личный кабинет).

3. **Сроки получения вычета**:
   - Если подаете через ФНС, налоговая проверит документы в течение 3 месяцев. После этого деньги поступят на ваш счет в течение месяца.
   - Через работодателя вычет начнет действовать с месяца подачи подтверждения от налоговой.

4. **Лимиты и особенности**:
   - Максимальная сумма социального вычета за обучение — 120 000 рублей в год (возврат 15 600 рублей). Для дорогостоящего лечения, обучения детей и благотворительности лимит не действует.
   - Вычет можно оформить за последние три года, включая текущий.

Для удобства рекомендуется подавать заявление через личный кабинет на сайте ФНС."
202,"Чем BNPL отличается от кредитной карты по источнику средств, срокам беспроцентного периода?","BNPL (Buy Now, Pay Later) и кредитная карта различаются по источникам средств и срокам беспроцентного периода следующим образом:

1. **Источник средств**:
   - **BNPL**: Средства предоставляются не банком, а самим магазином или сервисом, который предлагает рассрочку. Это не кредит, а разновидность отсрочки платежа.
   - **Кредитная карта**: Средства предоставляются банком, и вы используете кредитный лимит, установленный банком.

2. **Сроки беспроцентного периода**:
   - **BNPL**: Обычно требует полной оплаты за 1,5–2 месяца. Если не погасить долг в этот срок, могут начисляться штрафы или комиссии.
   - **Кредитная карта**: Беспроцентный период (грейс-период) обычно составляет 30–55 дней с момента покупки, но может быть продлен до 60–120 дней, если банк предлагает увеличенный льготный период. Однако часть долга (например, минимальный платеж) может потребоваться погасить в течение этого срока.

Таким образом, BNPL предлагает более короткий срок беспроцентного периода, но не требует проверки кредитоспособности, в отличие от кредитной карты."
203,"Как поступить, если в полисе ОСАГО применен неверный КБМ?","Если в полисе ОСАГО применен неверный КБМ, действуйте следующим образом:

1. **Проверьте КБМ в НСИС**
   - Войдите в личный кабинет на сайте НСИС через Госуслуги или онлайн-банк.
   - Сравните КБМ в базе с тем, что указан в вашем договоре ОСАГО.
   - Убедитесь, что в разделе «Страховые случаи» нет чужих аварий.

2. **Обратитесь в страховую компанию**
   - Напишите заявление в страховую компанию, где оформляли полис, с требованием пересчитать стоимость на основании правильного КБМ.
   - Укажите реквизиты счета для возврата переплаты.
   - Страховщик обязан внести изменения в договор или выдать новый полис в течение 2 рабочих дней и вернуть разницу в течение 14 календарных дней.

3. **Если страховая не ответила или отказала**
   - В течение 15 рабочих дней после вашего обращения компания должна ответить. Если этого не произошло или вам отказали, обратитесь к финансовому омбудсмену или в интернет-приемную Банка России.

4. **Если ошибка в НСИС**
   - Если неверные данные (например, лишние ДТП или отсутствующие полисы) содержатся в самой базе НСИС, напишите в НСИС через личный кабинет (раздел «Полисы» → «Сообщить об ошибке в данных»).
   - НСИС проверит информацию в течение 30 дней и исправит ошибку, если она подтвердится.

5. **Возврат переплаты за прошлые полисы**
   - Вы можете вернуть переплату за все страховки, оформленные в последние три года, если ошибка в КБМ повлияла на их стоимость.

Если ошибка связана с изменением данных (например, смена фамилии или водительского удостоверения), попросите страховую компанию обновить информацию в НСИС."
204,В чем разница между кешбэком и чарджбэком?,"Кешбэк и чарджбэк — это два разных банковских механизма, связанных с операциями по карте, но они решают разные задачи.

**Кешбэк** — это возврат части потраченных денег на карту. Например, если вы купили товар или оплатили услугу картой, банк может вернуть вам определенный процент от суммы покупки. Кешбэк — это бонусная программа, которая стимулирует клиентов чаще пользоваться картой.

**Чарджбэк** — это процедура оспаривания платежа, когда клиент не согласен с транзакцией. Например, если товар не пришел, пришел не тот товар или продавец не вернул деньги. В этом случае банк может инициировать возврат средств через чарджбэк, если доказано, что платеж был некорректным.

Таким образом, кешбэк — это вознаграждение за покупки, а чарджбэк — это инструмент защиты прав покупателя при возникновении спорных ситуаций."
205,"Где в договоре должна быть указана полная стоимость кредита, что помогает отличить легального кредитора от черного?","Полная стоимость кредита (ПСК) должна быть указана в **квадратной рамке в правом верхнем углу на первой странице договора**. Это обязательное требование закона, и легальный кредитор всегда соблюдает его.

Если в договоре ПСК отсутствует, условия прописаны нечетко или текст содержит двусмысленные формулировки, это может быть признаком **черного кредитора**. Легальные банки и МФО также предоставляют возможность взять договор домой на 5 дней для изучения без изменения условий."
206,Какие финансовые продукты не покрывает система страхования вкладов?,"Система страхования вкладов (ССВ) не распространяется на следующие финансовые продукты:

1. **Средства на счетах и вкладах сверх лимита** (например, свыше 1,4 млн рублей).
2. **Вклады на предъявителя** (включая депозитные сертификаты и сберегательные книжки на предъявителя).
3. **Обезличенные металлические счета**.
4. **Средства на электронных кошельках и предоплаченных неименных картах**.
5. **Деньги, переданные в доверительное управление** или вложенные в ценные бумаги банка (акции, облигации, векселя и др.).
6. **Вклады в зарубежных филиалах российских банков**.
7. **Субординированные депозиты**.
8. **Номинальные счета** (кроме открытых опекунами/попечителями для подопечных), залоговые счета и счета эскроу (если не связаны с недвижимостью).
9. **Счета и вклады юридических лиц** (кроме малых и средних предприятий из реестра, профсоюзов и социальных НКО).
10. **Публичные депозитные счета**.
11. **Счета компаний, признанных иностранными агентами**.
12. **Профессиональные счета актуариев**.
13. **Структурные депозиты**, если они приобретены не через банк.
14. **Инвестиции в облигации, векселя, паи ПИФов, ИСЖ и НПФ**.
15. **Сберегательные сертификаты на предъявителя**.

Если у вас есть сомнения по конкретному продукту, лучше уточнить в АСВ."
207,Зачем проверять членство МФО в СРО перед оформлением займа?,"Проверка членства микрофинансовой организации (МФО) в саморегулируемой организации (СРО) перед оформлением займа важна по нескольким причинам:

1. **Легальность и надежность**. МФО, входящие в СРО, проходят проверку и соблюдают профессиональные стандарты. Если компания не состоит в СРО, это может быть признаком нелегальной деятельности или нарушений.

2. **Контроль и защита прав**. СРО устанавливают правила работы МФО, контролируют их деятельность и помогают клиентам в случае споров. Если МФО исключена из СРО, это может означать, что она нарушала законы или обманывала заемщиков.

3. **Риск мошенничества**. Нелегальные МФО часто выдают займы под завышенные проценты, используют угрозы и шантаж для взыскания долгов. Проверка в СРО помогает избежать таких организаций.

4. **Прозрачность условий**. Члены СРО обязаны соблюдать установленные правила, включая прозрачность договоров и отсутствие скрытых комиссий.

Перед оформлением займа проверьте МФО в реестрах СРО «Микрофинансовый альянс» и СРО «МиР». Если компании нет в списках, лучше выбрать другую организацию."
208,В каких ситуациях могут запретить выезд из России из‑за долгов?,"Выезд из России могут запретить из-за долгов в следующих ситуациях:

1. **Сумма долга от 10 000 рублей** (если долг не погашен в течение двух месяцев после установленного срока) или **от 30 000 рублей** (даже при однодневной просрочке). Это касается:
   - алиментов;
   - компенсаций вреда (здоровью, имуществу, морального или в связи со смертью кормильца);
   - кредитов, займов, штрафов (например, ГИБДД), коммунальных платежей, налогов;
   - других долгов, взыскание которых назначено судом.

2. **Если долг находится в исполнительном производстве ФССП** — приставы могут наложить запрет на выезд, даже если сумма меньше 10 000 рублей, если должник скрывается от взыскания.

3. **Во время судебного банкротства** — суд может ограничить выезд, если есть подозрения, что должник затягивает процесс или не планирует возвращаться.

4. **Ошибки ФССП** — иногда запрет накладывается ошибочно, например, если долг уже погашен, но приставы не сняли ограничение.

**Исключения:**
- Если долг не передан в ФССП, выезд не ограничат.
- При внесудебном банкротстве или после завершения процедуры банкротства запрет не действует.

**Как проверить и снять запрет:**
- Уточните наличие исполнительного производства на сайте ФССП.
- Свяжитесь с приставом, ведущим ваше дело.
- Погасите долг или оспорите решение приставов через суд."
209,"Почему рискованно сообщать коды из СМС в сценарии «задержалась посылка», а также показывать банковскую карту на видеособеседовании?","Сообщать коды из СМС в сценарии «задержалась посылка» и показывать банковскую карту на видеособеседовании рискованно по следующим причинам:

1. **Коды из СМС** – это одноразовые пароли, которые банк отправляет для подтверждения операций или входа в личный кабинет. Если мошенник получит этот код, он сможет совершить платежи или получить доступ к вашим счетам. Например, если вам пришло сообщение о задержанной посылке и просят продиктовать код из СМС, это 100% мошенничество.

2. **Показ банковской карты на видеособеседовании** – мошенники могут подсмотреть **CVC/CVV-код** (три цифры на обратной стороне карты), который требуется для онлайн-платежей. Если они получат этот код вместе с номером карты, они смогут совершать покупки за ваш счет.

В обоих случаях мошенники используют социальную инженерию, чтобы выдать себя за работодателя, курьерскую службу или другую доверенную организацию. **Никогда не сообщайте коды из СМС и не показывайте карту на камеру** – это верный способ потерять деньги."
210,Почему свежая регистрация компании повышает риск для соискателя или инвестора?,"Свежая регистрация компании повышает риски для соискателя или инвестора по нескольким причинам:

1. **Возможность быть фирмой-однодневкой**. Компания, созданная недавно, может оказаться подставной, зарегистрированной исключительно для мошеннических схем или нелегальной деятельности. Такие фирмы часто ликвидируются после получения денег, и вернуть вложения становится невозможно.

2. **Минимальный уставный капитал**. Новые компании часто имеют небольшой уставный капитал, что снижает их финансовую устойчивость. В случае проблем с выплатами или банкротства у них может не хватить средств для возврата инвестиций.

3. **Отсутствие проверенной репутации**. У недавно зарегистрированных организаций нет истории деятельности, отзывов или проверенных данных о надежности. Это затрудняет оценку их добросовестности.

4. **Риск несоответствия заявленной деятельности**. Новые компании могут указывать в документах один вид деятельности, а на деле заниматься другим (например, предлагать инвестиции в криптовалюту, будучи зарегистрированными как пекарня). Это повышает вероятность мошенничества.

5. **Проблемы с ликвидацией или банкротством**. Если компания оказывается недобросовестной, инвесторы, ставшие ее акционерами, могут оказаться в конце очереди на выплаты при банкротстве, а собственных средств у фирмы может быть недостаточно для покрытия всех обязательств.

Для снижения рисков рекомендуется проверять компанию в государственных реестрах, изучать отзывы и сопоставлять заявленную деятельность с реальной."
211,Какие ограничения по счетам предусмотрены для налоговых вычетов по ПДС с учетом сроков выплат?,"Для получения налоговых вычетов по программе долгосрочных сбережений (ПДС) действуют следующие ограничения:

1. **Количество счетов**:
   - Можно иметь не более **трех счетов ПДС**.
   - Если открыто больше счетов, вычеты сохраняются только в двух случаях:
     - Перевод сбережений между НПФ при смене фонда.
     - Открытие новых счетов без пополнения и их закрытие до момента запроса вычета.

2. **Сроки выплат**:
   - Выплаты могут начаться **не раньше 15 лет после открытия счета** или с **55 лет для женщин и 60 лет для мужчин**, но не ранее 5 лет владения счетом.
   - Минимальный срок участия в ПДС (без вывода средств) зависит от года заключения договора:
     - 2024–2026 гг. — **5 лет**.
     - 2027 г. — **6 лет**.
     - 2028 г. — **7 лет**.
     - 2029 г. — **8 лет**.
     - 2030 г. — **9 лет**.
     - С 2031 г. — **10 лет**.

3. **Лимиты дохода**:
   - **30 млн рублей в год** по всем счетам ПДС в сумме.
   - **30 млн рублей по каждому счету** за весь срок выплат.
   - Если доход превышает эти лимиты, с излишка удерживается НДФЛ.

4. **Круг лиц**:
   - Вычеты действуют только при открытии счета **для себя или близких родственников** (супруги, родители, дети, братья/сестры, бабушки/дедушки, внуки).
   - Если счет открыт для других лиц, вычет на взносы не предоставляется, а выплаты облагаются налогом.

Эти условия необходимо соблюдать, чтобы сохранить право на налоговые льготы."
212,Когда требуется тестирование клиента для ИСЖ в отличие от покупки отдельных ETF?,"Тестирование клиентов для инвестиционного страхования жизни (ИСЖ) и покупки отдельных ETF имеет ряд различий:

1. **Условия для тестирования**:
   - **ИСЖ**: Тестирование требуется, если клиент не вкладывает сразу **1,4 млн рублей** или не имеет статус квалифицированного инвестора. Также проверка не нужна, если страховая компания гарантирует возврат **не менее 95% вложенных средств** при досрочном расторжении договора и не расторгает его при пропуске до трёх платежей в течение полугода.
   - **ETF**: Тестирование требуется только для «дружественных» ETF, не входящих в первый или второй котировальные списки российских бирж. Для ETF, привязанных к ведущим зарубежным индексам, тестирование не нужно.

2. **Содержание тестирования**:
   - **ИСЖ**: Проверяется понимание рисков и условий инвестиционного страхования (например, как формируется доход, налоговые последствия).
   - **ETF**: Проверяется понимание формирования цены ETF, влияющих факторов и расчёта дохода.

3. **Порядок прохождения**:
   - **ИСЖ**: Тест состоит из **четырёх вопросов**, и при ошибке его нужно пересдать через **не менее трёх дней**.
   - **ETF**: Тест можно пройти в офисе брокера, на его сайте или в мобильном приложении. Результаты действительны только у одного брокера, при смене посредника тестирование повторяется.

Таким образом, основные различия заключаются в условиях освобождения от тестирования, его содержании и порядке прохождения."
213,"Где удобнее хранить «подушку безопасности», если нужен мгновенный доступ к деньгам?","Для хранения «подушки безопасности» с мгновенным доступом к деньгам лучше всего подойдут следующие варианты:

1. **Вклад до востребования** – позволяет снимать деньги в любой момент без потерь. Это один из самых надежных способов, так как средства можно быстро получить, а проценты по таким вкладам обычно выше, чем по обычным счетам.

2. **Накопительный счет** – удобен тем, что позволяет снимать любые суммы в любое время, а процентная ставка часто выше, чем по вкладу до востребования.

3. **Вклад с возможностью частичного снятия** – если нужно сохранить часть средств на депозите, но при этом иметь доступ к части суммы. Проценты могут быть ниже, но это компенсируется гибкостью.

Важно выбирать надежный банк и учитывать, что в одном банке безопаснее хранить не более 1,4 млн рублей, чтобы гарантированно получить возмещение в случае отзыва лицензии."
214,Как получить инвествычет через посредника при продаже бумаг?,"Чтобы получить инвестиционный вычет через посредника при продаже ценных бумаг, нужно выполнить следующие шаги:

1. **Подать заявление брокеру или управляющему** об освобождении от подоходного налога (НДФЛ). Это касается вычетов на инвестиционный доход, например, за долгое владение ценными бумагами или по ИИС второго и третьего типа.

2. **Предоставить справку из ФНС** (если требуется). Например, для ИИС-2 нужно подтвердить, что вы не получали вычет на взносы по этому счету.

3. **Посредник рассчитает вычет** и не будет удерживать НДФЛ с соответствующей суммы.

Если ваш брокер или управляющий не передает данные в ФНС автоматически, вам может потребоваться самостоятельно подать документы в налоговую. В этом случае процесс займет больше времени (до четырех месяцев).

Для удобства можно использовать личный кабинет налогоплательщика, где ФНС может автоматически рассчитать вычет на основе данных от брокера."
215,Где проверить легальность МФО перед оформлением «нуля»?,"Перед оформлением займа в микрофинансовой организации (МФО) важно убедиться в её легальности. Вот как это сделать:

1. **Проверьте реестр Банка России**
   Убедитесь, что выбранная МФО внесена в государственный реестр микрофинансовых организаций. Для этого посетите сайт Банка России или используйте поисковые системы «Яндекс» и Mail.ru, где легальные МФО маркируются синим кружочком с галочкой.

2. **Проверьте принадлежность к саморегулируемым организациям (СРО)**
   Легальные МФО обычно состоят в СРО, таких как «МиР» или «Микрофинансовый альянс». Их реестры доступны на официальных сайтах этих организаций.

3. **Проверьте адрес и контакты**
   Настоящие адреса и контакты МФО можно найти в реестре Банка России или на сайтах СРО.

4. **Будьте внимательны к комиссиям**
   Легальные МФО не требуют комиссий за рассмотрение заявки. Если вам предлагают оплатить такую комиссию, скорее всего, это мошенники.

Если МФО не найдена в реестре Банка России или не состоит в СРО, лучше отказаться от сотрудничества с ней."
216,Как снизить риск оспаривания сделки при покупке вторичного жилья?,"Чтобы снизить риск оспаривания сделки при покупке вторичного жилья, можно предпринять следующие шаги:

1. **Тщательно проверьте документы продавца и права собственности**:
   - Убедитесь, что у продавца нет скрытых наследников, особенно если квартира была получена по наследству.
   - Если собственник состоял в браке на момент покупки, проверьте, не имеет ли супруг(а) права на долю в квартире.
   - Изучите, нет ли обременений или ограничений прав собственника (например, если среди собственников есть несовершеннолетние, требуется разрешение органов опеки).

2. **Привлеките профессионалов**:
   - Наняйте опытного юриста, риелтора или нотариуса, которые помогут составить договор и проверить объект недвижимости.
   - Воспользуйтесь юридическим сервисом банка, если сделка проходит через кредитную организацию.

3. **Оформите титульное страхование**:
   - Покупка полиса титульного страхования защитит вас, если сделку признают недействительной. Страховая компания компенсирует стоимость квартиры.
   - Лучше оформить страховку на первые три года, когда риск оспаривания сделки особенно высок.

4. **Используйте безопасные схемы расчетов**:
   - Привлеките надежного посредника (нотариуса или банк) для хранения денег до завершения перерегистрации права собственности.
   - Рассмотрите варианты депозита нотариуса, банковской ячейки, аккредитива или счета эскроу.

5. **Закажите дополнительную проверку документов**:
   - Юристы в агентствах недвижимости могут провести углубленный анализ документов, но даже это не дает 100% гарантии.

Эти меры помогут минимизировать риски и защитить ваши права при покупке вторичного жилья."
217,Где получить выписку о состоянии пенсионных накоплений?,"Вы можете получить выписку о состоянии пенсионных накоплений в нескольких местах:

1. **В отделении Социального фонда России (СФР)** – лично обратитесь в ближайшее отделение.
2. **На сайте СФР** – закажите выписку в личном кабинете.
3. **На портале «Госуслуги»** – в разделе «Документы» → «Работа и пенсия» → «Пенсионные накопления».

В выписке будет указана сумма накоплений, включая взносы и инвестиционный доход. Если ваши деньги хранятся в негосударственном пенсионном фонде (НПФ), то актуальную информацию можно запросить напрямую в этом фонде."
218,Чем отличаются переводы по номеру телефона через СБП от платежей по реквизитам с номером 30101?,"Переводы по номеру телефона через **Систему быстрых платежей (СБП)** и платежи по реквизитам с номером **30101** (корреспондентский счет в Банке России) различаются по нескольким ключевым параметрам:

1. **Скорость и удобство**
   - **СБП**: Переводы по номеру телефона через СБП занимают несколько секунд. Для отправки нужны только номер телефона получателя и название его банка, что исключает ошибки при вводе реквизитов.
   - **Реквизиты 30101**: Переводы по таким реквизитам могут идти несколько дней, так как требуют указания полного набора данных (номер счета получателя, корреспондентский счет банка и т. д.).

2. **Лимиты и комиссии**
   - **СБП**:
     - Лимит на переводы другим людям — до **150 000 рублей в день** (банки могут увеличивать этот лимит).
     - Лимит на переводы самому себе — до **30 млн рублей за раз** (включая переводы через СБП).
     - Комиссия за превышение бесплатного лимита — до **0,5% от суммы, но не более 1500 рублей**.
   - **Реквизиты 30101**:
     - Лимит на переводы самому себе — **до 30 млн рублей в месяц** (включая переводы через СБП).
     - Комиссия за переводы себе в другой банк — **нулевая** в пределах месячного лимита.

3. **Безопасность**
   - **СБП**: Быстрые переводы по номеру телефона **нельзя отозвать**, поэтому важно внимательно проверять данные получателя.
   - **Реквизиты 30101**: Такие счета используются только Банком России для расчетов с коммерческими банками. Мошенники не могут ими воспользоваться, но могут подделывать квитанции, указывая рядом с ними свои мошеннические счета.

4. **Назначение**
   - **СБП**: Подходит для быстрых межбанковских переводов между физическими лицами.
   - **Реквизиты 30101**: Используются для платежей организациям (например, ЖКХ, налоги) и межбанковских расчетов.

Таким образом, СБП удобнее для быстрых переводов между людьми, а реквизиты с 30101 — для более крупных и официальных платежей."
219,Чем накопительное страхование жизни отличается от инвестиционного с точки зрения гарантии дохода?,"Накопительное и инвестиционное страхование жизни различаются по гарантии дохода следующим образом:

1. **Накопительное страхование жизни (НСЖ)**:
   - Обычно имеет фиксированную или более предсказуемую доходность.
   - Доходность ниже, чем у инвестиционного страхования, но и риски меньше.
   - Страховая компания гарантирует возврат взносов, даже если инвестиции окажутся убыточными.

2. **Инвестиционное страхование жизни (ИСЖ)**:
   - Доходность зависит от ситуации на фондовом рынке и стратегии страховой компании.
   - Может быть агрессивной (высокий доход, но и высокие риски) или консервативной (низкий доход, но меньшие риски).
   - Страховая компания гарантирует возврат только части взносов (гарантийная часть), а инвестиционная часть может принести убыток.

Таким образом, **НСЖ** дает более стабильный, но меньший доход, а **ИСЖ** предлагает потенциально более высокую, но менее предсказуемую прибыль."
220,"Какие требования к страхованию залога при ипотеке, включая последствия перерыва в полисе?","При ипотеке страхование залога (недвижимости) является обязательным. Вот ключевые требования и последствия перерыва в страховке:

1. **Обязательность страхования**
   - Заемщик обязан застраховать заложенную недвижимость в пользу банка. Это условие прописано в законе, если в договоре ипотеки не указаны иные условия.
   - Страховка должна покрывать минимум сумму остатка долга. Полис можно оформлять ежегодно, а не сразу на весь срок кредита.

2. **Последствия перерыва в страховке**
   - Если страховка залога перестанет действовать (например, срок полиса истек, а новый не оформлен), банк вправе потребовать досрочного погашения кредита. Это связано с тем, что у кредитора исчезает гарантия возврата средств в случае повреждения или утраты заложенного имущества.
   - Заемщик должен оформить новый полис в течение 30 дней после окончания действия предыдущего. В противном случае банк может инициировать досрочное погашение.

3. **Другие важные моменты**
   - Банк может требовать страховку даже при досрочном погашении предыдущего кредита, если полис оформлен в пользу другого кредитора.
   - Заемщик вправе выбрать страховую компанию, но она должна соответствовать требованиям банка. Условия страховки (например, отсутствие франшизы) также должны быть согласованы с кредитором.
   - Если страховка не соответствует требованиям банка, кредитор обязан уведомить об этом в течение 7 рабочих дней. В период охлаждения (обычно 14–30 дней) можно вернуть полис и оформить новый.

Таким образом, перерыв в страховании залога может привести к серьезным последствиям, включая досрочное погашение кредита."
221,Как проверить легальность сервиса для кошелька по сравнению с финансовым маркетплейсом?,"Чтобы проверить легальность сервиса для кошелька, убедитесь, что у него есть лицензия небанковской кредитной организации или договор платежного агента с лицензированным банком. Это основное требование для легальной работы.

Для финансового маркетплейса проверьте, что он состоит в реестре Банка России. В реестре указаны не только названия, но и адреса сайтов, что помогает избежать мошеннических копий.

Оба сервиса должны быть проверены через официальные реестры Банка России, чтобы минимизировать риски."
222,"Какие платежи лучше проводить с расчетного счета, чтобы снизить риск блокировки?","Чтобы снизить риск блокировки расчетного счета, лучше проводить все бизнес-операции именно с него, а не с личных карт. Вот ключевые рекомендации:

1. **Оплачивайте услуги и налоги с расчетного счета** — это подтверждает прозрачность бизнеса и снижает подозрения со стороны банка и регуляторов.
2. **Избегайте личных карт для расчетов с контрагентами** — использование частных счетов может вызвать подозрения в попытке скрыть операции.
3. **Заполняйте платежные документы максимально подробно** — указывайте конкретное назначение платежа (виды товаров, работ, услуг, договор, наличие/отсутствие НДС). Это повышает доверие банка.
4. **Следите за рисками в системе «Знай своего клиента»** — если ваши операции попадают в зону риска, банк может заблокировать счет.

Такой подход поможет избежать блокировок и сохранить доступ к средствам."
223,Где проверить легальность финансовой организации перед вложением денег?,"Чтобы проверить легальность финансовой организации перед вложением денег, выполните следующие шаги:

1. **Проверьте реестры Банка России**
   - Убедитесь, что организация внесена в реестр финансовых организаций на сайте Банка России. Это касается брокеров, инвестиционных консультантов, кредитных кооперативов и других финансовых компаний.
   - Если организации нет в реестре, она работает нелегально, и доверять ей свои деньги небезопасно.

2. **Проверьте список сомнительных организаций**
   - На сайте Банка России есть перечень компаний с признаками мошенничества и нелегальной деятельности. Убедитесь, что интересующая вас организация не входит в этот список.

3. **Проверьте данные в ЕГРЮЛ**
   - Изучите информацию о компании на сайте Федеральной налоговой службы (ФНС). Обратите внимание на дату регистрации, уставный капитал, основной вид деятельности и количество учредителей. Если компания зарегистрирована недавно, имеет минимальный капитал или не соответствует заявленной деятельности, это повышенный риск.

4. **Проверьте отзывы в интернете**
   - Ищите реальные отзывы о компании на форумах, в соцсетях и других независимых источниках. Однотипные хвалебные отзывы могут быть поддельными.

5. **Запросите документы и проконсультируйтесь с юристом**
   - Перед подписанием договора запросите образцы документов и, если возможно, проконсультируйтесь с юристом.

Следуя этим шагам, вы сможете минимизировать риски и избежать мошеннических схем."
224,"Каков минимальный срок «периода охлаждения» для обычных добровольных страховок, полисов, оформленных через банк вместе с кредитом, а также для договоров инвестиционного или накопительного страхования жизни?","Минимальный срок **периода охлаждения** зависит от типа страховки:

1. **Обычные добровольные страховки** (не связанные с кредитом) — **14 календарных дней**.
2. **Полисы, оформленные через банк вместе с кредитом** — **30 календарных дней**.
3. **Договоры инвестиционного или накопительного страхования жизни** (если сумма вложений менее 1,5 млн рублей):
   - **С разовой оплатой** — **30 дней**.
   - **С регулярными платежами** — **до третьего взноса, но не менее 4 недель**.

Эти сроки установлены законом, но конкретные условия могут быть прописаны в договоре или правилах страхования."
225,Куда жаловаться при нарушениях со стороны НПФ или страхового посредника?,"При нарушениях со стороны **негосударственного пенсионного фонда (НПФ)** или **страхового посредника** (брокера, агента) можно действовать следующим образом:

1. **Направьте претензию напрямую в организацию** – она обязана ответить в течение **15 рабочих дней**.
2. **Если ответ не получен или он вас не устроил**, обратитесь:
   - **В Банк России** (через интернет-приемную, приложение «ЦБ Онлайн» или горячую линию: 300 с мобильного, 8-800-300-30-00).
   - **К финансовому омбудсмену** – он поможет урегулировать спор до суда (например, если страховой агент завысил стоимость полиса).
   - **В Роспотребнадзор** – если вам навязали ненужные услуги или взимают незаконные комиссии.

Для жалобы в Банк России укажите, что нарушения связаны с **НПФ, страховой компанией или брокером**. Регулятор может обязать организацию устранить нарушение, наложить штраф или даже отозвать лицензию."
226,Как ДСАГО влияет на необходимость доплаты виновником при крупном ущербе?,"Полис ДСАГО (добровольное страхование автогражданской ответственности) снижает риск доплаты виновником ДТП при крупном ущербе. Вот как это работает:

1. **Дополнение к ОСАГО**: ДСАГО начинает действовать, если выплаты по ОСАГО (максимум 400 000 рублей на ремонт) недостаточны для покрытия ущерба. В этом случае страховая компания по ДСАГО возмещает разницу, если сумма ущерба превышает лимит ОСАГО.

2. **Выбор лимита покрытия**: При оформлении ДСАГО вы сами выбираете максимальную сумму покрытия — до 30 млн рублей. Это означает, что даже при серьезном ДТП с дорогой машиной виновнику не придется доплачивать из своего кармана, если ущерб укладывается в выбранный лимит.

3. **Защита от суброгации**: Если пострадавший застрахован по КАСКО, его страховщик может взыскать с виновника разницу между фактическим ущербом и выплатой по ОСАГО. ДСАГО берет на себя эти расходы, если они в пределах выбранного лимита.

Таким образом, ДСАГО минимизирует финансовые риски виновника ДТП, особенно при авариях с дорогостоящим ущербом."
227,Какие ограничения действуют для неквалифицированных инвесторов при покупке акций и паев закрытых ПИФов?,"Для неквалифицированных инвесторов действуют следующие ограничения при покупке акций и паев закрытых ПИФов:

### **Акции**
1. **Ограничения на зарубежные акции**:
   - С 1 января 2025 года неквалифицированные инвесторы смогут покупать только акции иностранных компаний из стран ЕАЭС.
   - Из-за санкций более 5 млн российских инвесторов столкнулись с блокировкой своих иностранных акций. Многие брокеры ввели ограничения: неквалифицированные инвесторы могут только продавать, но не покупать зарубежные акции.
   - Для сделок с акциями, не входящими в котировальные списки или мировые индексы, требуется пройти специальное тестирование.

2. **Акции российских компаний**:
   - Неквалифицированные инвесторы могут свободно покупать акции российских компаний, входящие в котировальные списки.

### **Паи закрытых ПИФов (ЗПИФы)**
1. **Ограничения на ЗПИФы**:
   - Большинство закрытых ПИФов доступны только квалифицированным инвесторам из-за высоких рисков.
   - Неквалифицированные инвесторы могут покупать паи только тех ЗПИФов, которые торгуются на бирже (входят в первый или второй уровень листинга). Эти паи считаются более надежными и стоят несколько тысяч рублей.
   - Для покупки паев закрытых ПИФов, не торгующихся на бирже, требуется пройти тестирование. Если тест не сдан, инвестор может воспользоваться правом «последнего слова» (максимум 300 000 рублей в год), но не все брокеры и управляющие компании обязаны его выполнять.

2. **Амортизированные ЗПИФы (ЗПИФ-А)**:
   - Эти фонды созданы для перевода заблокированных активов из-за санкций. Новичкам не рекомендуется вкладываться в них, так как доходы предсказать сложно.

3. **Тестирование для покупки ЗПИФов**:
   - Если тест не сдан, инвестор может купить паи на сумму не более 100 000 рублей (если пай стоит дешевле) или одну ценную бумагу (если пай дороже).
   - Количество попыток тестирования не ограничено.

Для выбора подходящих ЗПИФов можно использовать фильтры на портале НАУФОР, где представлены фонды, доступные неквалифицированным инвесторам."
228,Чем отличается ДСАГО от каско по объекту защиты?,"ДСАГО и каско — это два разных вида автострахования, которые защищают разные объекты:

1. **ДСАГО (добровольное страхование автогражданской ответственности)** — защищает **имущественные интересы третьих лиц** (пострадавших в ДТП). Если вы стали виновником аварии, страховая компания возместит ущерб, нанесенный чужому автомобилю или здоровью, но только в части, превышающей лимит ОСАГО. Максимальная сумма покрытия по ДСАГО может достигать 30 млн рублей.

2. **Каско** — защищает **интересы самого владельца автомобиля**. Оно покрывает ущерб, нанесенный вашему ТС, даже если вы сами виноваты в аварии. Каско также включает защиту от угона, повреждений из-за стихийных бедствий и других рисков.

**Ключевое отличие:**
- ДСАГО компенсирует ущерб **третьим лицам** (пострадавшим в ДТП).
- Каско компенсирует ущерб **вашему собственному автомобилю**.

Оба полиса можно оформлять одновременно, но они решают разные задачи."
229,Чем отличается ответственность эмитента по облигациям от акций?,"Ответственность эмитента по облигациям и акциям существенно различается:

1. **Облигации**:
   - Эмитент обязан выплачивать купонный доход по графику и возвращать номинал облигаций в срок погашения.
   - Если компания не может выполнить обязательства, возможны:
     - Реструктуризация долга (изменение графика выплат) при временных финансовых трудностях.
     - Объявление дефолта, если кризис не преодолим или нет согласия с инвесторами. В этом случае торги ценными бумагами прекращаются, и может начаться процедура банкротства.
   - Надежность облигаций зависит от их типа:
     - **Обеспеченные** (залог, поручительство, гарантии) — более надежные, так как в случае банкротства инвесторы могут рассчитывать на возврат средств.
     - **Необеспеченные** — менее надежные, возврат зависит от процедуры банкротства.
     - **Субординированные необеспеченные** — самые рискованные, выплаты происходят в последнюю очередь.

2. **Акции**:
   - Эмитент не обязан выплачивать дивиденды. Решение о выплатах принимается на собрании акционеров, и обычно они выплачиваются только при наличии прибыли, не мешающей развитию бизнеса.
   - Контрольный пакет акций, как правило, остается у владельцев компании, что влияет на решение о дивидендах.
   - Акции не имеют кредитных рейтингов, их надежность оценивается по рейтингу компании-эмитента и уровню листинга на бирже.

Таким образом, облигации предполагают строгие обязательства по выплатам, а акции — добровольные дивиденды, зависящие от решения акционеров."
230,Как меняется лимит возмещения по ремонту авто при европротоколе без фотофиксации по сравнению с оформлением через ГИБДД?,"При оформлении ДТП через ГИБДД максимальный лимит возмещения по ОСАГО составляет **400 000 рублей** для ущерба автомобилю и иного имущества.

Если же авария оформляется по европротоколу **без фотофиксации**, лимит снижается до **100 000 рублей**, даже если участники договорились о виновнике и повреждениях.

Таким образом, при европротоколе без фотофиксации лимит возмещения уменьшается в **4 раза** по сравнению с оформлением через ГИБДД."
231,Как обезопасить себя на случай утери векселя?,"Чтобы обезопасить себя на случай утери векселя, рекомендуется предпринять следующие меры:

1. **Сохраняйте документы, подтверждающие владение векселем**. Например, договор купли-продажи векселя или другие документы, которые могут подтвердить, что вексель принадлежал вам.

2. **Сделайте копии векселя**. Храните их в надежном месте, чтобы в случае утери оригинала у вас были доказательства его существования.

3. **Обратитесь к нотариусу для заверения копии векселя**. Это может упростить процесс подтверждения ваших прав в случае судебного разбирательства.

4. **Используйте электронные хранилища**. Сделайте цифровую копию векселя и сохраните её в защищенном облачном хранилище или на нескольких устройствах.

Если вексель все же потеряется, вам придется доказывать его существование в суде, предоставив все возможные доказательства, включая договоры и копии."
232,"Кто защищает клиентов при проблемах банка, а кто при отзыве лицензии у страховщика?","При проблемах с банком клиентов защищает **Агентство по страхованию вкладов (АСВ)**. Оно гарантирует возврат средств по вкладам и счетам в пределах **1,4 млн рублей** в случае отзыва лицензии у банка. Средства выплачиваются из **Фонда обязательного страхования вкладов (ФОСВ)**, а при необходимости — за счет федерального бюджета или кредитов Банка России.

При отзыве лицензии у страховщика (например, страховой компании) управление переходит к **Агентству по страхованию вкладов (АСВ)**, которое обязано расторгнуть все договоры и вернуть клиентам деньги в течение **6 месяцев** (если это предусмотрено договорами). Для обязательных видов страхования, таких как **ОСАГО**, выплаты продолжаются, а компенсации обеспечиваются **Российским союзом автостраховщиков (РСА)**.

Таким образом, в обоих случаях ключевую роль играет **АСВ**, но для ОСАГО дополнительно действует **РСА**."
233,Где надежнее сохранить деньги при отзыве лицензии банка: в векселе или при расчетах через банковскую ячейку?,"Надежнее сохранить деньги при отзыве лицензии банка — **через банковскую ячейку**.

### Почему?
1. **Гарантия сохранности средств**:
   - Деньги в банковской ячейке остаются вашей собственностью, и даже при отзыве лицензии у банка вы сможете забрать их полностью. На сумму в ячейке не распространяется лимит страхования вкладов (1,4 млн рублей).
   - Вексель, даже выданный банком, **не застрахован** государством. В случае банкротства банка векселедержатели относятся к последней очереди кредиторов, и шансы вернуть деньги минимальны.

2. **Доступность средств**:
   - В банковской ячейке вы можете забрать деньги в любой момент, просто открыв ячейку.
   - Вексель нельзя погасить досрочно — средства можно получить только по истечении указанного срока.

3. **Налоговые обязательства**:
   - Доход по векселю облагается налогом (13%) независимо от суммы.
   - Вклады и средства в ячейке не облагаются налогом, если не превышают установленные лимиты.

### Вывод:
Банковская ячейка — более надежный и гибкий способ хранения денег при риске отзыва лицензии у банка."
234,"Как при разводе делят жилье и долг по семейной ипотеке, если взнос был из маткапитала","При разводе ипотечное жилье, купленное с использованием материнского капитала, делится с учетом нескольких ключевых моментов:

1. **Доли детей**: До полного погашения ипотеки продать квартиру нельзя. После погашения кредита необходимо выделить доли детям в собственности и зарегистрировать их в Росреестре. Размер детских долей определяется пропорционально сумме, внесенной из маткапитала. Например, если маткапитал составил 12% от стоимости квартиры, то эта часть делится между детьми и родителями поровну.

2. **Раздел между супругами**: Остальная часть жилья (не оплаченная маткапиталом) делится между супругами. Если нет соглашения, суд распределяет доли пропорционально вкладам каждого. Например, если один из супругов внес 40% личных средств, а остальное — общие деньги, то его доля будет больше.

3. **Долг по ипотеке**: Общий долг делится пополам, даже если кредит оформлен на одного из супругов. Если есть брачный договор, долг распределяется в соответствии с его условиями.

4. **Соглашение или суд**: Супруги могут договориться о разделении жилья и долга по соглашению, закрепив его у нотариуса. Если договоренности нет, вопрос решается через суд.

Пример: Если в ипотеку внесли 500 000 рублей маткапитала (12% от стоимости), то эта часть делится между родителями и ребенком (по 4% каждому). Остальные 88% распределяются между супругами, например, 40% — на одного, 48% — на другого. В итоге один супруг получит 68% (40% + 24% + 4%), другой — 28% (24% + 4%), а ребенок — 4%."
235,"Какие госгарантии предусмотрены для средств пайщиков КПК, а также для взносов в ЖНК?","В предоставленной базе знаний нет информации о государственных гарантиях для средств пайщиков КПК или взносов в ЖНК.

Однако есть сведения о том, что:
- **КПК** не входят в государственную систему страхования вкладов, и их пайщики должны самостоятельно следить за финансовым состоянием кооператива. Некоторые КПК (кроме сельскохозяйственных) делают отчисления в компенсационный фонд саморегулируемой организации (СРО), но это не гарантирует полный возврат средств.
- **ЖНК** также не застрахованы государством, и в случае банкротства пайщики могут потерять свои вложения.

Если вам нужны точные данные о государственных гарантиях, рекомендуется уточнить информацию в официальных источниках или у представителей кооперативов."
236,Когда имеет смысл жаловаться в Банк России по проблеме с финансовой организацией?,"Жаловаться в Банк России по проблеме с финансовой организацией имеет смысл в следующих случаях:

1. **Нарушение прав без указания конкретной суммы** – например, если банк навязал ненужную страховку или МФО не сообщила полную стоимость займа.
2. **Проблемы с организациями, подконтрольными Банку России** – это банки, страховые компании, МФО, НПФ, брокеры, биржи и другие финансовые учреждения, включенные в реестры регулятора.
3. **Необходимость проверки компании** – если Банк России получит множество жалоб на одну организацию, он может провести проверку и применить меры, включая временный запрет на продажу определенных услуг.
4. **Необходимость консультации** – если вы не знаете, куда обратиться, сотрудники Банка России помогут определить, в какое ведомство стоит жаловаться.

Однако если проблема касается **суммы свыше 500 000 рублей** (кроме ОСАГО и пенсий) или **спора с частными лицами**, лучше обращаться в суд. Также Банк России не рассматривает **моральный вред** или **упущенную выгоду** – для этого нужно идти к финансовому омбудсмену."
237,Что использовать для покрытия неожиданных трат?,"Для покрытия неожиданных трат рекомендуется использовать **финансовую подушку безопасности**. Это резервный фонд, который поможет пережить кризисные периоды, такие как потеря работы, болезнь или другие форс-мажоры.

**Как создать подушку безопасности?**
1. **Откладывайте часть дохода** – например, 15% зарплаты каждый месяц.
2. **Размещайте сбережения на депозите** – это защитит деньги от инфляции и позволит получать проценты.
3. **Рассчитывайте сумму** – идеально, если подушка покрывает 3–6 среднемесячных доходов семьи.

Также полезно **застраховать имущество и здоровье**, чтобы минимизировать финансовые риски. Например, страховка от угона автомобиля или полис, покрывающий ремонт после мелких происшествий, может сэкономить значительные средства в случае ЧП.

Если подушки безопасности пока нет, можно временно сократить расходы, отказавшись от ненужных трат, и направить освободившиеся средства на накопления."
238,Почему переводы через СБП по номеру телефона упрощают межбанковские расчеты?,"Переводы через Систему быстрых платежей (СБП) по номеру телефона упрощают межбанковские расчеты по нескольким ключевым причинам:

1. **Простота и удобство**
   - Для перевода достаточно знать только номер телефона получателя и название его банка. Не нужно запоминать или вводить сложные реквизиты счета или номера карты, что снижает риск ошибок.

2. **Скорость**
   - Переводы через СБП занимают всего несколько секунд, в отличие от обычных межбанковских переводов, которые могут идти несколько рабочих дней.

3. **Отсутствие комиссий (в пределах лимитов)**
   - До 100 000 рублей в месяц переводы другим людям через СБП бесплатны. Для перевода между своими счетами в разных банках лимит бесплатных переводов составляет до 30 млн рублей в месяц.

4. **Доступность**
   - К СБП подключены все крупнейшие российские банки, что делает сервис универсальным и удобным для большинства пользователей.

5. **Безопасность**
   - Система позволяет получателю заранее указать банк, в который он хочет принимать переводы, что снижает риск ошибок при зачислении средств.

Таким образом, СБП делает межбанковские переводы быстрыми, простыми и доступными для всех участников системы."
239,"Куда подавать заявку на продажу заблокированных активов, находящихся в паях ПИФа, с учетом доступности управляющих компаний на финансовых маркетплейсах?","Для подачи заявки на продажу заблокированных активов, находящихся в паях ПИФа, вам нужно обратиться в управляющую компанию (УК) фонда. Это можно сделать напрямую или через агентов УК, например, банки.

Если паи вашего ПИФа торгуются на финансовых маркетплейсах, вы можете подать заявку через них, но в данном случае, учитывая, что активы заблокированы, основной способ — обращение в УК.

После подачи заявки УК сама определит, какие активы можно выставить на торги, и рассчитает их стоимость. Участие в аукционе не является обязательным, и вы можете выбрать, какие именно бумаги продавать.

Если у вас есть паи российских ПИФов с заблокированными активами, вы можете подать заявку на их продажу в рамках специального механизма, разработанного Банком России. В этом случае заявку также подают в УК фонда."
240,Можно ли торговать на бирже без брокера?,"Нет, торговать на бирже без брокера нельзя. Для проведения сделок на бирже вам обязательно нужен профессиональный посредник — брокер или доверительный управляющий, у которых есть лицензия Банка России. Брокер выполняет ваши поручения по покупке и продаже ценных бумаг, а вы самостоятельно принимаете решения о сделках.

Попытка торговать без лицензированного посредника связана с высокими рисками, включая мошенничество и невозможность контролировать сделки. Кроме того, внебиржевая торговля (без участия биржи) также требует посредников, но она сопряжена с дополнительными рисками, так как стоимость бумаг может сильно отличаться от рыночной."
241,"Как разместить подушку безопасности, чтобы она была защищена и без сюрпризов по условиям?","Чтобы разместить финансовую подушку безопасности так, чтобы она была защищена и не содержала неожиданных условий, следуйте этим рекомендациям:

1. **Выберите надежный банк** – открывайте вклад в проверенном банке с государственной страховкой вкладов (до 1,4 млн рублей). Это гарантирует возврат средств даже в случае отзыва лицензии у банка.

2. **Используйте вклад до востребования или с возможностью частичного снятия** – это позволит быстро получить деньги в случае необходимости без потерь.

3. **Разделите средства** – не храните всю сумму в одном банке. Если подушка больше 1,4 млн рублей, распределите ее между несколькими банками, чтобы каждая часть была застрахована.

4. **Избегайте валютных рисков** – если ваш доход в рублях, открывайте вклад в рублях, чтобы не зависеть от колебаний курса.

5. **Проверьте условия по процентам и штрафам** – убедитесь, что вклад не имеет скрытых комиссий или штрафов за досрочное снятие.

6. **Используйте накопительные счета** – если планируете регулярно пополнять подушку, выберите счет с возможностью бесплатного пополнения и частичного снятия.

Такой подход обеспечит доступность средств в любой момент и защитит от неожиданных финансовых потерь."
242,Как многодетной семье сократить расходы на музеи во время отдыха?,"Многодетные семьи могут значительно сократить расходы на посещение музеев во время отдыха, воспользовавшись следующими возможностями:

1. **Бесплатные дни посещения** – многие музеи устраивают специальные дни, когда вход бесплатный для всех. Уточняйте эту информацию на сайтах музеев или в информационных центрах для туристов.

2. **Льготы для многодетных семей** – в России многодетные семьи могут бесплатно или со скидкой посещать федеральные музеи, парки и выставки. Для этого нужно предоставить документы, подтверждающие статус (например, удостоверение многодетной семьи).

3. **Скидки и бесплатные билеты** – некоторые музеи предоставляют скидки или бесплатные билеты для детей и пенсионеров. Также можно уточнять у организаторов мероприятий о возможных льготах.

4. **Социальные карты и программы** – в некоторых регионах многодетным семьям выдают социальные карты, которые дают право на бесплатный или льготный вход в музеи.

5. **Бесплатные экскурсии** – в информационных центрах для туристов можно узнать о бесплатных или недорогих обзорных экскурсиях, а также получить скидочные флаеры на культурные мероприятия.

Рекомендуется заранее уточнять условия льгот в конкретном музее или регионе, а также брать с собой документы, подтверждающие право на скидки."
243,Почему повторяются финансовые пузыри?,"Финансовые пузыри повторяются по нескольким ключевым причинам, которые можно выделить из контекста:

1. **Человеческая психология и жажда легких денег**
   Люди склонны верить в быстрые и легкие способы обогащения, особенно когда видят, что другие зарабатывают. Это создает ажиотаж и массовое участие в сомнительных схемах, как, например, в случае с «тюльпаноманией» в Голландии или финансовыми пирамидами.

2. **Недостаток финансовой грамотности**
   Многие участники пузырей не понимают механизмов их работы и верят в гарантированную прибыль. Мошенники используют это, обещая высокие доходы без рисков.

3. **Спекулятивные механизмы**
   Пузыри формируются, когда люди вкладываются в активы (недвижимость, акции, криптовалюты), надеясь на рост цен, а не на реальную ценность. Когда спрос перестает расти, пузырь лопается, как это произошло в 2008 году с ипотечным кризисом.

4. **Отсутствие регулирования или его слабость**
   В некоторых случаях финансовые пирамиды действуют открыто, используя убедительные аргументы и современные технологии для привлечения участников. Регуляторы не всегда успевают реагировать на новые схемы.

5. **Экономические факторы**
   В условиях дефицита ресурсов (как в кризисах) люди и компании могут вкладываться в рискованные активы, надеясь на быструю прибыль, что ускоряет формирование пузырей.

Таким образом, повторение финансовых пузырей связано с психологией, незнанием, спекуляциями и слабостью контроля."
244,Как технологии меняют финансовые услуги по мнению авторов подборок?,"Технологии кардинально меняют финансовые услуги, и это подтверждается мнениями авторов подборок:

1. **Бретт Кинг** в книге *«Банк 3.0»* утверждает, что банки перестают быть физическими учреждениями, превращаясь в цифровые сервисы. Развитие интернета, мобильных приложений и социальных сетей делает финансовые операции доступными в один клик, без посещения отделений. Это заставляет банки пересматривать свою модель, так как клиенты все чаще обходятся без традиционных банковских услуг.

2. **Марина Рыклина** (директор Департамента по связям с общественностью ЦБ) отмечает, что новые технологии меняют язык коммуникации в финансовой сфере. Они упрощают доступ к услугам, делая их быстрыми и удобными, но при этом требуют адаптации банков к новым привычкам клиентов.

3. **Валерий Лях** (директор Департамента противодействия недобросовестным практикам ЦБ) подчеркивает, что главными драйверами изменений остаются люди. Технологии позволяют им влиять на финансовые системы, но для этого нужно понимать их принципы и последствия.

4. **Использование цифровых профилей** (по данным из других источников) ускоряет оформление кредитов, страховок и других услуг, снижая риски для компаний и улучшая условия для клиентов.

5. **Биометрические технологии** (например, Apple Pay, Mir Pay) делают платежи безопаснее и удобнее, заменяя традиционные карты и пароли.

Таким образом, технологии делают финансовые услуги более доступными, быстрыми и персонализированными, но также ставят вопросы о цифровом неравенстве и этике их применения."
245,Куда обращаться при споре со страховщиком по ИСЖ и по ОСАГО?,"При споре со страховщиком по **ИСЖ (ипотечному страхованию жилья)** и **ОСАГО** действуйте следующим образом:

1. **ИСЖ (ипотечное страхование жилья)**:
   - Если сумма спора **не превышает 500 000 рублей**, обратитесь к **финансовому омбудсмену**. Его решения обязательны для страховщиков, как и судебные постановления.
   - Если сумма **больше 500 000 рублей**, спор можно решить только через **суд**.
   - Подать заявление омбудсмену можно через его сайт. Рассмотрение дела займет **15 рабочих дней**, если вы действуете самостоятельно, или **30 дней**, если привлечете юриста (в этом случае вам придется оплатить его услуги).

2. **ОСАГО**:
   - Если страховая компания **отказывается выплатить возмещение** или **занижает сумму**, обращайтесь к **финансовому омбудсмену**. Его решения обязательны для страховщиков.
   - **Ограничения по сумме не действуют** — можно оспорить любые суммы.
   - Перед обращением к омбудсмену **напишите претензию страховщику**. Если ответ не удовлетворит или не поступит в течение **15 рабочих дней**, подавайте жалобу.
   - Также можно одновременно направить жалобу в **Банк России**, который контролирует страховые компании.

**Важно**: сохраняйте все документы (протокол ГИБДД, извещение о ДТП, ответ страховой компании, решение омбудсмена) — они понадобятся в суде, если дело дойдет до него."
246,"Какой уровень ПДН считается безопасным, а что происходит при превышении 50%?","**Безопасный уровень ПДН**
Идеальный показатель долговой нагрузки (ПДН) — не более **30%** от ежемесячного дохода. При таком уровне даже при небольших финансовых трудностях вы сможете продолжать выплаты по кредитам.

**Что происходит при превышении 50%?**
- **Сложности с одобрением кредита**: Банки и МФО могут отказать в выдаче нового займа или предложить более высокие процентные ставки.
- **Риск просрочек**: Если долги съедают **50% и более** дохода, даже малейшие финансовые проблемы (например, задержка зарплаты) могут привести к невыплате.
- **Ограничения для закредитованных**: При ПДН **выше 80%** банки и МФО могут вовсе отказать в кредите, а в некоторых случаях даже запрещено выдавать деньги (например, кредитные карты).

**Дополнительно**
Кредиторы обязаны предупреждать заемщиков, если их ПДН превышает **50%**, указывая на риск невыплаты. Это делается перед подписанием договора."
247,"Что делать при мошеннических автоплатежах, как снизить риск повторения?","При мошеннических автоплатежах и для снижения риска их повторения следуйте этим шагам:

1. **Блокировка и уведомление банка**
   - Немедленно позвоните в банк (номер на обороте карты) и заблокируйте карту.
   - Напишите заявление о мошеннической операции и запросите выписку по счету. Сохраните копию заявления с отметкой банка.

2. **Обращение в полицию**
   - Подайте заявление в правоохранительные органы о хищении средств.

3. **Возврат денег**
   - Банк рассмотрит ваше заявление в течение 30 дней (до 60 дней для международных операций). Компенсация возможна, если вы соблюдали меры безопасности и обратились в течение суток после уведомления о списании.

4. **Профилактика повторных случаев**
   - **Отдельный счет/карта**: Используйте для автоплатежей отдельную дебетовую или предоплаченную карту со средствами, достаточными только для оплаты счетов.
   - **Контроль платежей**: Регулярно проверяйте личный кабинет на сайте банка или компании, чтобы своевременно отключать услугу.
   - **Обновление реквизитов**: Вносите изменения в реквизиты получателя при необходимости.
   - **СМС-оповещения**: Подключите уведомления об операциях, чтобы оперативно реагировать на подозрительные списания.
   - **Безопасность данных**: Не сообщайте реквизиты карты третьим лицам, не выкладывайте фотографии карты в интернет и используйте сложные пароли.

5. **Дополнительные меры**
   - Если мошенничество связано с уязвимостями банка, он может компенсировать ущерб. Если вина клиента (например, разглашение ПИН-кода), возврат средств маловероятен.

Следуя этим рекомендациям, вы минимизируете риски мошеннических автоплатежей и повысите защиту своих финансов."
248,Когда вступят в силу изменения в ОСАГО после подачи заявления?,"Изменения в полисе ОСАГО вступят в силу в зависимости от ситуации:

1. **Если доплата не требуется** – изменения начнут действовать сразу после подачи заявления страховщику.
2. **Если стоимость полиса увеличится** – изменения вступят в силу только после внесения доплаты. При этом срок действия договора ОСАГО останется прежним.

Также важно учитывать, что если вы подаете заявление онлайн, страховщик должен подтвердить его получение в течение 5 минут, а рассмотреть документы – в течение 2 рабочих дней."
249,Почему новичку опасно спекулировать деривативами?,"Новичку опасно спекулировать деривативами (опционами и фьючерсами) по нескольким причинам:

1. **Высокий уровень риска** – Деривативы связаны с большими колебаниями цен, и их стоимость напрямую зависит от базового актива. Это делает их особенно рискованными для тех, кто не имеет опыта в управлении такими инструментами.

2. **Сложность механизмов** – Опционы и фьючерсы требуют глубокого понимания их работы, включая условия исполнения, маржинальные требования и возможные потери. Неопытные инвесторы могут неверно оценить риски и потерять значительную часть капитала.

3. **Отсутствие страховки** – В отличие от банковских вкладов, деривативы не защищены государством или системой страхования. Потери могут быть полными, особенно если инвестор не умеет контролировать свои позиции.

4. **Рекомендации только для опытных** – Опытные инвесторы могут использовать деривативы для хеджирования рисков или спекуляций, но для новичков они подходят лишь как инструмент страхования, а не для активного трейдинга.

5. **Ограничения для неквалифицированных инвесторов** – В некоторых случаях доступ к сложным инструментам, включая структурные продукты с деривативами, возможен только после прохождения тестирования. Это связано с тем, что такие инструменты требуют высокой финансовой грамотности.

Таким образом, новичкам лучше начинать с более простых и менее рискованных активов, таких как акции и облигации, прежде чем переходить к деривативам."
250,Как корректно учесть территориальный коэффициент при покупке ОСАГО онлайн?,"При покупке ОСАГО онлайн территориальный коэффициент (КТ) учитывается на основе адреса регистрации, указанного в ваших документах (паспорт, свидетельство о регистрации ТС или ПТС). Вот как это работает:

1. **Адрес регистрации** – страховая компания использует именно этот адрес, а не фактическое место проживания, если оно не совпадает с пропиской.
2. **Коэффициент территории** – зависит от региона, где зарегистрировано ТС. Например, для Москвы КТ = 1,8, а для сельской местности Костромской области – 0,76.
3. **Транзитный полис** – если вы перегоняете машину из одного города в другой, можно оформить транзитный полис на 20 дней. В этом случае КТ не учитывается, а стоимость рассчитывается по коэффициенту периода страхования (КП = 0,2).

Если вы переехали в другой регион, но не перерегистрировали автомобиль, страховая будет использовать КТ старого места регистрации. Для изменения коэффициента нужно переоформить регистрацию ТС в ГИБДД или через Госуслуги.

Для точного расчета можно воспользоваться калькулятором на сайте страховой компании или Банка России, где указаны актуальные коэффициенты."
251,Какой общий риск несут клиент брокера и владелец депозитарных расписок при отзывах лицензий у посредников?,"Клиенты брокера и владельцы депозитарных расписок (ДР) несут разные риски при отзыве лицензий у посредников.

### **Риски клиентов брокера:**
1. **Потеря активов** – если брокер не может вернуть деньги и ценные бумаги из-за финансовых проблем, клиенты могут не получить свои средства полностью.
2. **Отсутствие страховки** – инвестиции в ценные бумаги не попадают под систему страхования вкладов, поэтому государство не гарантирует возврат средств.
3. **Сложности с выводом активов** – если клиент не успеет подать заявку на вывод в течение 3–4 месяцев (максимум года), брокер может сам перевести активы на депозит нотариуса или другого депозитария, что усложнит и затянет процесс возврата.
4. **Зависимость от финансового состояния брокера** – если у компании недостаточно активов для выполнения обязательств, клиенты могут потерять часть или все свои средства.

### **Риски владельцев депозитарных расписок (ДР):**
1. **Передача активов другому регистратору** – если у регистратора отозвали лицензию, ваши ДР передадут другому регистратору или саморегулируемой организации (СРО), но сами активы не пропадут.
2. **Дополнительные расходы** – возможно, потребуется оплатить услуги нового депозитария или регистратора за перевод и обслуживание счетов.

### **Общие рекомендации для снижения рисков:**
- **Следите за новостями** о финансовом состоянии брокера.
- **Регулярно проверяйте выписки** по счетам.
- **Подавайте заявки на вывод активов** сразу после отзыва лицензии.
- **Уточняйте условия договора** и возможные дополнительные расходы.

Если у брокера аннулирована лицензия, он обязан в течение 3 дней уведомить клиентов и предложить забрать активы. Однако полный возврат средств зависит от его финансового состояния."
252,Какая страховка обязательна при ипотеке?,"При ипотеке обязательна страховка предмета залога (недвижимости). Это требование закона: заемщик должен застраховать жилье в пользу банка, если в договоре ипотеки не прописаны другие условия. Страховка защищает и заемщика, и банк от рисков, связанных с повреждением или уничтожением заложенной недвижимости (например, из-за пожара, наводнения или взрыва газа).

Страховая сумма должна быть не меньше остатка долга, но не больше реальной стоимости жилья. Полис обычно оформляется на срок кредита, но может обновляться ежегодно.

Дополнительно банки могут предлагать добровольные страховки, например, страхование жизни и здоровья заемщика, но они не являются обязательными."
253,Что делать с сомнительной или поврежденной банкнотой?,"Если у вас есть сомнительная или поврежденная банкнота, действуйте следующим образом:

1. **Сомнительная банкнота (возможная подделка):**
   - **Не пытайтесь расплатиться** ею, так как это может привести к проблемам с полицией.
   - **Отнесите купюру в банк** для бесплатной экспертизы. Если она подлинная, но повреждена, банк обменяет её на новую. Если же купюра окажется фальшивой, её стоимость не возмещается.
   - В сложных случаях банк может отправить купюру на проверку в Банк России.

2. **Повреждённая банкнота:**
   - **Мелкие повреждения** (небольшие проколы, потертости, загрязнения, небольшие надрывы) – можно использовать для оплаты в магазине.
   - **Средние повреждения** (не хватает уголка, края, большие надрывы) – лучше обменять в банке.
   - **Сильные повреждения** (значительная часть отсутствует, банкнота порвалась на кусочки, окрасилась, обгорела) – необходимо собрать не менее 55% площади купюры и отнести в банк для обмена. Если от банкноты осталось меньше 55%, её уже не обменяют.
   - **Банкнота порвалась на кусочки** – можно склеить и обменять, если собрано не менее 55% от полной площади.
   - **Банкнота расслоилась (потеряла лицевую или оборотную сторону)** – обменять нельзя.

3. **Особые случаи:**
   - Если на купюре есть отметки Гознака («Образец», «Тест» и т. д.), её нельзя обменять – она неплатежеспособна.
   - Если банкнота повреждена производственным браком, её можно обменять в банке.

В любом случае, если сомневаетесь, лучше обратиться в банк – экспертиза бесплатна."
254,Как сочетается рекомендация работать официально с защитой пенсионных накоплений государством?,"Работать официально важно, так как это позволяет формировать пенсионные накопления, которые частично защищены государством. Вот как это сочетается:

1. **Официальная работа и пенсионные накопления**:
   - С 2002 по 2014 год часть пенсионных отчислений работодателей шла на индивидуальные счета сотрудников (накопительная часть пенсии). Эти накопления могут храниться в Социальном фонде России (СФР) или в негосударственном пенсионном фонде (НПФ).
   - С 2014 года накопительная часть ""заморожена"" — новые обязательные отчисления работодателей не пополняют ее, но сам человек может продолжать пополнять счет добровольно.

2. **Защита пенсионных накоплений**:
   - Государство гарантирует сохранность взносов, даже если НПФ обанкротится. В этом случае Агентство по страхованию вкладов (АСВ) переведет компенсацию на счет в СФР.
   - Однако инвестиционный доход, полученный от накоплений, не гарантируется — в случае банкротства фонда он может быть потерян.

3. **Дополнительные возможности**:
   - Можно самостоятельно пополнять накопительную часть пенсии, выбрав СФР или НПФ.
   - Также можно формировать **дополнительную пенсию** через НПФ, заключив договор негосударственного пенсионного обеспечения (НПО). В этом случае государство гарантирует защиту и взносов, и инвестиционного дохода.

Таким образом, официальная работа помогает формировать пенсионные накопления, а государство обеспечивает их базовую защиту, особенно если средства хранятся в СФР или застрахованном НПФ."
255,Чем биржевые фонды отличаются от ПИФов по комиссиям и ликвидности?,"Биржевые фонды (ETF и БПИФы) и паевые инвестиционные фонды (ПИФы) различаются по комиссиям и ликвидности следующим образом:

1. **Комиссии**:
   - **Биржевые фонды**: Комиссия за управление портфелем обычно составляет 0,2–0,8% годовых.
   - **Открытые ПИФы**: Комиссия за управление выше — от 1 до 5% годовых. Кроме того, при покупке и продаже паев ПИФов через управляющую компанию (УК) или ее агента взимается дополнительная комиссия, которая почти всегда выше, чем при продаже паев биржевых фондов через брокера.

2. **Ликвидность**:
   - **Биржевые фонды**: Паи торгуются на бирже как акции, их котировки меняются непрерывно в течение дня. Деньги от продажи паев поступают на брокерский счет сразу.
   - **Открытые ПИФы**: Паи можно купить или погасить только через УК или ее агента. Расчет по погашению паев занимает до 10 рабочих дней (обычно 3 дня). Интервальные и закрытые ПИФы имеют еще более ограниченную ликвидность: паи можно купить или продать только в определенные промежутки времени, указанные в правилах фонда.

Таким образом, биржевые фонды более ликвидны и имеют более низкие комиссии по сравнению с ПИФами."
256,Чем отличается защита сбережений в банке от защиты в кредитном потребительском кооперативе?,"Защита сбережений в банке и кредитном потребительском кооперативе (КПК) имеет ключевые различия:

1. **Государственная страховка**:
   - В банках сбережения застрахованы государством. Если банк обанкротится, вкладчики получат компенсацию до 1,4 млн рублей (по состоянию на 2024 год) через Агентство по страхованию вкладов (АСВ).
   - КПК не входят в систему страхования вкладов. Их пайщики не могут рассчитывать на гарантированную компенсацию от государства.

2. **Компенсационные фонды**:
   - Некоторые КПК (кроме сельскохозяйственных) отчисляют 0,2% активов в компенсационный фонд саморегулируемой организации (СРО). В случае банкротства пайщики могут получить до 5% от суммы фонда, но это не гарантирует полный возврат средств.
   - Сельскохозяйственные КПК могут не делать такие отчисления, что увеличивает риски для пайщиков.

3. **Дополнительные меры защиты**:
   - Некоторые КПК самостоятельно страхуют средства в страховых компаниях, но это не является обязательным и не заменяет государственные гарантии.
   - Банки обязаны участвовать в системе страхования, а их надежность проверяется регуляторами.

4. **Риски**:
   - Вклады в банках считаются более надежными из-за государственных гарантий.
   - В КПК риск потери сбережений выше, так как компенсации могут быть неполными или отсутствовать.

Таким образом, банковские вклады защищены государством, а сбережения в КПК зависят от финансового состояния кооператива и его добровольных мер страхования."
257,Какие меры Банк России применяет для защиты клиентов?,"Банк России применяет несколько мер для защиты клиентов финансовых услуг:

1. **Контроль за безопасностью данных и платежей** – все финансовые платформы обязаны защищать данные клиентов, обеспечивать стабильную работу систем и гарантировать безопасность платежей.

2. **Борьба с мошенничеством** – Банк России ведет базу данных мошеннических реквизитов, к которой имеют доступ российские банки. Если клиент стал жертвой мошенников, его карты и счета могут быть заблокированы.

3. **Проверка финансовых организаций** – при массовых жалобах регулятор может провести проверку, включая тайный контроль. Если выявлены нарушения (например, недобросовестные продажи), Банк России вправе запретить такие услуги, обязать вернуть деньги клиентам и даже отозвать лицензию у нарушителя.

4. **Защита прав потребителей** – Банк России рассматривает жалобы через Службу по защите прав потребителей, которая обязывает финансовые организации устранять нарушения, накладывает штрафы и в серьезных случаях исключает компанию из реестра легальных организаций.

5. **Финансовая грамотность** – регулятор проводит образовательные программы, семинары и разрабатывает информационные материалы, чтобы помочь людям осознанно выбирать финансовые услуги и защищаться от мошенников.

6. **Контроль за рискованными операциями** – Банк России следит за подозрительными транзакциями компаний и может блокировать счета, если выявлены нарушения.

Если клиент стал жертвой мошенничества, он может подать жалобу через интернет-приемную или форму анонимного информирования."
258,Чем электронные деньги отличаются от записей в блокчейне?,"Электронные деньги и записи в блокчейне имеют ключевые различия:

1. **Хранение информации**:
   - Электронные деньги хранятся в центральных базах данных банков или платежных систем, которые могут быть уязвимы к сбоям, хакерским атакам или ошибкам сотрудников.
   - Записи в блокчейне распределены по множеству независимых компьютеров, что делает их более устойчивыми к потере или подделке.

2. **Изменяемость данных**:
   - В традиционных системах записи о транзакциях могут быть изменены или удалены (например, при ошибке или мошенничестве).
   - В блокчейне записи нельзя изменить или удалить — только добавить новые, что обеспечивает неизменность истории операций.

3. **Анонимность и безопасность**:
   - Электронные деньги часто привязаны к реальным идентификаторам пользователей (например, номерам счетов или карт).
   - В блокчейне транзакции могут быть анонимными, а доступ к активам обеспечивается через криптографические ключи. Однако это создает риск потери доступа, если пользователь забыл пароль или номер кошелька.

4. **Контроль и консенсус**:
   - В традиционных системах контроль за транзакциями осуществляют банки или другие организации.
   - В блокчейне изменения вносятся только после достижения консенсуса между участниками сети, что снижает риск мошенничества.

Таким образом, блокчейн предлагает более прозрачную, защищенную и децентрализованную систему учета, в то время как электронные деньги зависят от центральных институтов."
259,"Какие материалы применяют для повышения износостойкости российских банкнот, пример — купюра 200 рублей?","Для повышения износостойкости российских банкнот, в том числе купюры 200 рублей, применяются следующие материалы и технологии:

1. **Хлопковая бумага повышенной плотности** – основной материал, из которого изготавливаются российские купюры. Хлопковые волокна обеспечивают высокую прочность и эластичность, что позволяет банкнотам выдерживать многократные сгибания и другие механические воздействия.

2. **Полимерная пропитка** – купюра 200 рублей покрыта специальным полимерным лаком, который защищает её от загрязнений, влаги и бактерий. Это увеличивает срок службы банкноты до 20 месяцев, что дольше, чем у других российских купюр (например, 50 и 100 рублей, которые служат около 15 месяцев).

3. **Комбинированный подход** – в отличие от полностью пластиковых купюр (как в некоторых странах с жарким климатом), российские банкноты сочетают хлопковую основу с полимерным покрытием. Это позволяет сохранить защитные признаки (например, водяные знаки и металлические нити), которые невозможно использовать на пластиковых купюрах.

Таким образом, купюра 200 рублей изготавливается из хлопковых волокон с полимерной пропиткой, что делает её более долговечной и устойчивой к износу."
260,Какие налоговые льготы дает ИИС-3 и на какой срок его имеет смысл открывать у брокера?,"ИИС-3 предоставляет две налоговые льготы:

1. **Вычет на взносы** – возможность вернуть часть уплаченного НДФЛ с суммы, внесенной на счет за год. Максимальная сумма вычета – 400 000 рублей, но не больше уплаченного налога.
2. **Вычет на доход** – освобождение от НДФЛ с прибыли, полученной от операций на счете. Для этого не требуется официальный доход.

**Срок владения ИИС-3** зависит от года открытия счета:
- **2024–2026 годы** – минимум 5 лет;
- **2027 год** – 6 лет;
- **2028 год** – 7 лет;
- **2029 год** – 8 лет;
- **2030 год** – 9 лет;
- **С 2031 года** – 10 лет.

Если закрыть счет раньше, придется вернуть вычеты и заплатить налог на прибыль. Исключение – снятие средств на дорогостоящее лечение (при переводе на счет медицинской организации).

Открывать ИИС-3 имеет смысл, если вы планируете долгосрочные инвестиции и хотите совместить обе налоговые льготы."
261,"Как проверить, что предложение по кредиту или рефинансированию исходит от легального банка, а не от мошенников?","Чтобы убедиться, что предложение по кредиту или рефинансированию исходит от легального банка, а не от мошенников, следуйте этим шагам:

1. **Проверьте лицензию банка**
   - Убедитесь, что организация входит в **Справочник участников финансового рынка** на сайте Банка России.
   - Если банка нет в реестре, это мошенники.

2. **Проверьте официальный сайт**
   - Сравните адрес сайта, указанный в предложении, с адресом, указанным в реестре Банка России.
   - В поисковиках «Яндекс» и Mail.ru легальные банки помечены **синей галочкой** (если галочки нет, сайт может быть поддельным).

3. **Позвоните в банк**
   - Используйте контактные данные с **официального сайта** банка (не с предложения).
   - Уточните, действительно ли банк одобрил вам кредит или рефинансирование.

4. **Будьте осторожны с персональными данными**
   - Не передавайте данные через сомнительные сайты или «онлайн-сервисы по подбору кредита».
   - Настоящий банк не попросит вас перевести деньги через другой банк или карточный счет.

5. **Внимательно изучите договор**
   - Проверьте все условия, особенно сроки, проценты и штрафы.
   - Мошенники могут подменить договор, чтобы выплатить всю сумму с процентами уже на следующий день.

Если вы сомневаетесь, лучше отказаться от предложения и обратиться в проверенный банк."
262,"Куда жаловаться, если оформили ИСЖ без тестирования под видом вклада?","Если вы оформили инвестиционное страхование жизни (ИСЖ) без прохождения тестирования знаний, хотя оно требовалось, и страховка была продана под видом вклада, вы можете действовать следующим образом:

1. **Обратитесь в страховую компанию** – напишите претензию с требованием расторгнуть договор и вернуть все внесенные взносы. Если уже были страховые выплаты, компания может вычесть их из суммы возврата.

2. **Обратитесь в Банк России** – если страховая компания не реагирует на претензию, подавайте жалобу в регулятор. Банк России может провести проверку и обязать компанию вернуть деньги, если нарушения подтвердятся.

3. **Обратитесь к финансовому омбудсмену** – если сумма спора не превышает 500 000 рублей, омбудсмен может помочь урегулировать конфликт.

4. **Подайте иск в суд** – если сумма вложений больше 500 000 рублей или омбудсмен не помог, обращайтесь в суд. Лучше сделать это в течение года после оформления страховки, пока действует срок исковой давности.

Если банк или страховая компания навязали ИСЖ под видом вклада, это может быть нарушением закона. Банк России может обязать организацию расторгнуть договор и вернуть деньги, если выявит недобросовестные приемы продаж."
263,Как вовлечь детей в семейное планирование финансов без жесткого контроля?,"Вовлечь детей в семейное планирование финансов без жесткого контроля можно с помощью следующих методов:

1. **Игровые формы обучения**
   - Используйте игры, такие как «придирчивый покупатель» или «квест в магазине», чтобы научить ребенка сравнивать цены, выбирать товары и управлять бюджетом.
   - Организуйте игры в сортировки, где ребенок должен уложиться в заданный бюджет, выбирая необходимые вещи (например, для пикника или бала).

2. **Доверие и ответственность**
   - Дайте ребенку карманные деньги на определенный период (например, на неделю), чтобы он учился планировать расходы.
   - Постепенно расширяйте зону его ответственности: от покупки продуктов по списку до самостоятельного планирования школьных принадлежностей.

3. **Пример родителей**
   - Показывайте, как вы распределяете семейный бюджет, обсуждайте обязательные платежи, накопления на отпуск и другие расходы.
   - Объясняйте, как вы принимаете финансовые решения, чтобы ребенок видел разумное управление деньгами.

4. **Поощрение накоплений**
   - Помогите ребенку ставить финансовые цели (например, накопление на игрушку) и учиться отказываться от лишних трат.
   - Обсуждайте, как можно сэкономить (например, не тратить деньги на шоколадки, чтобы купить что-то более ценное).

5. **Бережное потребление**
   - Дети старше 10 лет могут выступать «финансовыми консультантами» семьи, помогая выявлять нерациональные траты (например, невыключенный свет или капающий кран).

6. **Добрые дела**
   - Объясняйте, что деньги можно тратить не только на себя, но и на помощь другим, чтобы ребенок не становился скрягой.

Эти подходы помогут ребенку осознать ценность денег, научиться планировать расходы и принимать ответственные финансовые решения без жесткого контроля."
264,"Как хранить акции, чтобы снизить риск потери при банкротстве брокера?","Чтобы снизить риск потери акций при банкротстве брокера, можно воспользоваться следующими способами:

1. **Хранение у регистратора**
   Откройте лицевой счет у регистратора компании, выпустившей акции, и переведите туда свои бумаги. В этом случае брокер не сможет получить доступ к акциям, даже если вы разрешили ему пользоваться другими вашими активами. Это особенно актуально, если вы не планируете продавать акции в ближайшее время.

2. **Использование сегрегированного счета**
   Откройте отдельный (сегрегированный) счет, где деньги и ценные бумаги будут изолированы от активов брокера. В договоре с брокером пропишите запрет на использование ваших активов. В случае банкротства вы сможете забрать свои средства без долгой процедуры.

3. **Разделение счета депо**
   Если вы не планируете активно торговать, можно оставить доступ брокеру только к торговому разделу счета, а основные активы перевести в основной раздел с запретом на их использование. При продаже акций их нужно будет сначала перевести в торговый раздел.

4. **Вывод активов при банкротстве брокера**
   Если брокер лишился лицензии, как можно быстрее переведите акции в другой депозитарий или к регистратору. Убедитесь, что у вас есть отчет о покупке акций, чтобы сохранить право на налоговые льготы.

**Важно:** Хранение акций у регистратора или на сегрегированном счете может сопровождаться высокими комиссиями, но это снижает риски потери активов."
265,"К кому обратиться, если МФО навязала платные услуги и отказывается возвращать деньги?","Если МФО навязала вам платные услуги и отказывается возвращать деньги, вы можете действовать следующим образом:

1. **Обратитесь в саму МФО** – сначала попробуйте урегулировать вопрос напрямую. Напишите претензию в свободной форме, приложив копии паспорта, договора и банковские реквизиты для возврата. МФО должна ответить в течение 15 рабочих дней (или 25, если потребуются дополнительные документы).

2. **Обратитесь к финансовому омбудсмену** – если МФО не реагирует или отказывается вернуть деньги, подайте жалобу финансовому уполномоченному. Его решения имеют силу судебного постановления, и МФО обязана их исполнять. Обращение можно подать онлайн.

3. **Пожаловаться в Банк России** – если МФО нарушает ваши права, сообщите об этом в интернет-приемную регулятора. Банк России проведет проверку и может оштрафовать компанию.

4. **Обратитесь в Роспотребнадзор** – если МФО навязала услуги, от которых нет выгоды, или ввела вас в заблуждение, подать жалобу можно через форму на сайте ведомства.

5. **Обратитесь в саморегулируемую организацию (СРО)**, в которую входит МФО. Название СРО обычно указано на сайте компании.

Если МФО продолжает слать рекламу после вашего отказа, можно пожаловаться в **Роскомнадзор** и **Федеральную антимонопольную службу**.

Важно: если вы успели отменить услугу в период охлаждения (обычно 5 дней), но МФО не возвращает деньги, финансовый омбудсмен поможет взыскать их."
266,Как соотносятся создание безналичных денег банками с выпуском криптовалюты в блокчейне?,"Создание безналичных денег коммерческими банками и выпуск криптовалюты в блокчейне имеют как общие черты, так и ключевые различия.

**Общие черты:**
1. **Увеличение денежной массы** — в обоих случаях происходит создание новых денежных единиц, которые не существовали ранее.
   - Коммерческие банки создают безналичные деньги, выдавая кредиты на основе депозитов (например, если клиент вносит 100 000 рублей, банк может выдать 90 000 в кредит, увеличивая денежную массу).
   - В блокчейне новые криптомонеты появляются в результате майнинга, когда майнеры получают вознаграждение за добавление блоков в цепочку.

2. **Централизованность vs децентрализация** — хотя оба процесса связаны с созданием денег, их регулирование различается:
   - Коммерческие банки действуют в рамках финансовой системы, контролируемой центральными банками (например, Банком России).
   - Криптовалюты работают в децентрализованных сетях, где выпуск новых монет регулируется алгоритмами блокчейна.

**Ключевые различия:**
1. **Источник создания:**
   - Безналичные деньги создаются банками на основе депозитов клиентов и кредитных операций.
   - Криптовалюта создается в результате майнинга, где майнеры решают сложные математические задачи для добавления блоков в блокчейн.

2. **Контроль и регулирование:**
   - Безналичные деньги подчиняются законам и регулируются центральными банками.
   - Криптовалюты не имеют единого регулятора, их выпуск ограничен алгоритмами (например, максимальное количество биткоинов — 21 миллион).

3. **Физическая основа:**
   - Безналичные деньги — это записи на банковских счетах, которые не имеют физической формы.
   - Криптовалюта также существует только в цифровом виде, но ее выпуск и хранение обеспечиваются технологией блокчейна.

Таким образом, хотя оба процесса связаны с созданием новых денежных единиц, их механизмы, регулирование и технологии существенно различаются."
267,"Как безопасно купить страховку онлайн, чтобы при навязывании можно было вернуть деньги?","Чтобы безопасно купить страховку онлайн и иметь возможность вернуть деньги в случае навязывания, следуйте этим рекомендациям:

1. **Проверяйте официальность сайта**
   Покупайте страховку только на проверенных платформах. Перед оформлением убедитесь, что сайт страховщика или маркетплейса есть в реестре Банка России. Это поможет избежать фишинговых сайтов.

2. **Изучайте договор внимательно**
   Перед подписанием внимательно читайте все условия договора. Если что-то неясно или вызывает сомнения, не подписывайте документы. Особое внимание уделите пунктам о возврате и периоде охлаждения.

3. **Используйте период охлаждения**
   В большинстве случаев вы можете отказаться от страховки в течение **14 дней** после покупки и вернуть деньги. Для некоторых видов страхования (например, накопительного) срок может быть увеличен до **30 дней**. Если полис был оформлен вместе с кредитом, срок возврата может быть продлен.

4. **Будьте осторожны с навязанными услугами**
   Если вам навязали страховку, вы можете отказаться от нее в период охлаждения. Если полис был включен в кредитный договор, у вас есть **30 дней** на отказ.

5. **Обращайтесь за помощью при нарушениях**
   Если страховая компания отказывается вернуть деньги или нарушает условия договора, вы можете обратиться к **финансовому уполномоченному** (финансовому омбудсмену). Он рассматривает жалобы и принимает решения, обязательные для страховщиков.

Следуя этим правилам, вы сможете безопасно оформить страховку онлайн и защитить свои права в случае навязывания ненужных услуг."
268,Где займы обычно обходятся дороже: в банках или в КПК?,"Займы в кредитных потребительских кооперативах (КПК) обычно обходятся дороже, чем в банках, но дешевле, чем в микрофинансовых организациях (МФО) и ломбардах.

В контексте указано, что проценты по займам в КПК выше, чем по банковским кредитам, но ниже, чем в МФО. Например, предельная ставка по потребительским займам в МФО во втором квартале 2023 года составляла 203% годовых, а в КПК — 27%.

Таким образом, если сравнивать банки и КПК, займы в банках обычно дешевле."
269,"Как проверить, что сайт оплаты или продажи полиса настоящий?","Чтобы проверить, что сайт оплаты или продажи полиса ОСАГО настоящий, следуйте этим шагам:

1. **Проверьте лицензию страховщика**
   Убедитесь, что у компании есть действующая лицензия на ОСАГО. Для этого проверьте информацию на сайте Банка России или в реестре Российского союза автостраховщиков (РСА).

2. **Сверьте адрес сайта**
   Официальные сайты страховых компаний и маркетплейсов можно найти в реестре Банка России или на сайте РСА. В поисковиках «Яндекс» и Mail.ru легальные финансовые компании помечены специальной галочкой.

3. **Проверьте посредника (если покупаете через него)**
   Если вы используете услуги агента или брокера, убедитесь, что он официально сотрудничает со страховой компанией. Для этого проверьте реестр партнеров на сайте страховщика или уточните информацию по горячей линии.

4. **Обратите внимание на маркировку в поисковиках**
   В «Яндексе» и Mail.ru официальные сайты страховых компаний отмечены галочкой, что помогает избежать мошеннических ресурсов.

5. **Проверьте полис после покупки**
   После оформления полиса зарегистрируйтесь на сайте страховщика и проверьте его в личном кабинете. Также можно проверить подлинность полиса в базе Национальной страховой информационной системы (НСИС) по серии и номеру.

Если у вас есть сомнения, лучше связаться со страховой компанией по официальному номеру горячей линии и уточнить детали."
270,Законен ли отказ в продаже ОСАГО из‑за несоответствия данных проверке в НСИС?,"Отказ в продаже ОСАГО из-за несоответствия данных в Национальной страховой информационной системе (НСИС) **незаконен**. Страховая компания обязана проверить и уточнить информацию, а не отказывать сразу.

Если ваши данные не совпадают с НСИС, страховщик должен:
- Попросить уточнить или предоставить недостающие документы (оригиналы или сканы).
- Передать исправленные данные в НСИС (это могут сделать любые страховщики, продающие ОСАГО).

Отказ возможен только при ошибках в заявлении или отсутствии необходимых документов, но не из-за технических несоответствий в базе.

Если страховая компания отказывает без объяснений, вы можете пожаловаться в Банк России или Центральный банк."
271,Почему индекс бигмака не подходит для измерения инфляции?,"Индекс бигмака не подходит для измерения инфляции по нескольким причинам:

1. **Не учитывает ключевые факторы**: Индекс не учитывает спрос населения, количество импортных и местных продуктов в каждом бигмаке, конкуренцию, локальную стратегию сети и местную специфику. Например, в Индии в составе бургера используется баранья или куриная котлетка, а не говядина, но это не учитывается при расчетах.

2. **Не отражает реальную покупательную способность**: Индекс основан на цене одного товара (бигмака), а инфляция — это суммарный индекс, который учитывает множество товаров и услуг. Изменение цены на один товар, даже популярный, не может точно отразить общую инфляцию.

3. **Зависит от валютных колебаний**: В стране может резко меняться курс внутренней валюты, что сразу отразится на цене бигмака, но не обязательно на общей инфляции. Например, в Венесуэле за три года цена бигмака упала с самых дорогих в мире до самых дешевых из-за резкого изменения курса.

4. **Развлекательный, а не аналитический инструмент**: Индекс бигмака был придуман как забавный способ сравнить валюты, а не как серьезный экономический показатель. Он не заменяет официальные индексы, такие как индекс потребительских цен, которые учитывают широкий набор товаров и услуг.

Таким образом, индекс бигмака может быть полезен для сравнения валют в развлекательных целях, но не подходит для точного измерения инфляции."
272,"В какой срок после объявления санкций нужно перевести иностранные облигации к другому посреднику, чтобы не лишиться купонов?","После объявления санкций компаниям обычно дается **две-четыре недели** для завершения операций. В этот период можно перевести иностранные облигации к другому посреднику, чтобы избежать блокировки активов.

Если не успеть перевести облигации до введения ограничений, доступ к ним будет заморожен, и вы не сможете получать купоны. Поэтому важно действовать быстро и заранее уточнить у нового брокера или управляющего, поддерживает ли он операции с вашими ценными бумагами.

Если посредник уже начал передачу активов, нужно дождаться завершения процедуры и уточнить сроки у прежнего брокера."
273,Почему не стоит одновременно подавать много кредитных заявок при высоком ПДН?,"При высоком показателе долговой нагрузки (ПДН) не стоит одновременно подавать много кредитных заявок по нескольким причинам:

1. **Снижение шансов на одобрение**
   Банки и МФО учитывают ПДН при принятии решения о выдаче кредита. Если ваш ПДН уже высок (например, выше 50%), то каждая новая заявка будет рассматриваться с большей осторожностью. Чем больше заявок вы подадите, тем выше вероятность, что вам откажут во всех организациях.

2. **Ухудшение кредитного рейтинга**
   Если несколько организаций одновременно запрашивают вашу кредитную историю, бюро кредитных историй (БКИ) могут расценить это как подозрительное поведение и снизить ваш кредитный рейтинг. Это, в свою очередь, еще больше уменьшит шансы на одобрение кредита.

3. **Риск попадания в долговую яму**
   При высоком ПДН (особенно выше 50%) выплаты по кредитам уже занимают значительную часть вашего дохода. Если вам одобрят несколько кредитов, это может привести к финансовой перегрузке, просрочкам и ухудшению кредитной истории.

4. **Банки могут отказать из-за недавних отказов**
   Если вы получите несколько отказов из-за высокого ПДН, это отразится в вашей кредитной истории. Даже при последующих заявках на меньшие суммы банки могут автоматически отклонить вашу заявку, увидев недавние отказы.

Таким образом, лучше подавать заявки последовательно, выбирая наиболее подходящие варианты, а не массово рассылать документы в несколько организаций."
274,В каких случаях страховку оплачивает не клиент?,"Страховку оплачивает не клиент в следующих случаях:

1. **Кредитное страхование** – если банк указан в качестве выгодоприобретателя, выплату получает не клиент, а банк. Это позволяет родственникам заемщика не выплачивать кредит в случае его смерти, инвалидности или временной нетрудоспособности.

2. **Двойное страхование** – если клиент заключил два договора страхования на одно имущество, выплаты делятся между страховыми компаниями, и клиент не получит сумму, превышающую стоимость имущества.

3. **Страхование жизни и здоровья** – в некоторых случаях выплата может быть направлена напрямую банку (например, при страховании кредита), а не заемщику или его родственникам.

Если у вас есть другие вопросы по страхованию, задавайте!"
275,Какие ограничения на выдачу наличной валюты действуют для средств на счетах по сравнению с деньгами в банковской ячейке?,"Ограничения на выдачу наличной валюты зависят от того, где хранятся средства:

1. **Для средств на счетах и вкладах**:
   - Если валюта была на счете **до 9 марта 2022 года**, можно снять наличными до **10 000 долларов США** (или эквивалент в евро) в одном банке.
   - Сумму сверх лимита можно получить в рублях, оставить на счете или перевести за границу.
   - Если валюта поступила **после 9 марта 2022 года**, снять наличными можно только в рублях.
   - До 9 марта 2026 года банки не вправе брать комиссию за выдачу валюты.

2. **Для средств в банковской ячейке**:
   - Лимитов на выдачу **нет** — можно забрать всю сумму в любой момент.

Таким образом, банковская ячейка предоставляет больше свободы, так как не подпадает под ограничения, действующие для счетов."
276,Почему для успеха важен отказ от шаблонов?,"Отказ от шаблонов важен для успеха, потому что он позволяет находить нестандартные решения, выходить за рамки привычных подходов и открывать новые возможности. В контексте рекомендуемых книг это подчеркивается следующими идеями:

1. **Нелинейная логика и инновации** – В книге Эрика Шмидта и Джонатана Розенберга «Как работает Google» авторы рассказывают, что успешные компании, такие как Google, достигают прорывов, отказываясь от шаблонов. Например, они утверждают, что быстрорастущие технологические компании должны управлять профессиональные инженеры, а не менеджеры, что противоречит традиционным стереотипам.

2. **Открытия и нестандартные подходы** – В рекомендации Михаила Мамуты из Банка России отмечается, что люди, которые выходят за пределы привычного, достигают больших целей. Книга Тур Хейердала «Древний человек и океан» иллюстрирует, как нестандартные решения помогали покорять океан и космос.

3. **Персональная ответственность и гибкость** – В книге «Принцип Оз» авторы подчеркивают, что успешные руководители берут на себя ответственность и не боятся рисков, что требует отказа от шаблонного мышления.

4. **Критическое осмысление и самосовершенствование** – В книге Маршалла Голдсмита «Прыгни выше головы!» говорится, что вредные привычки, такие как игнорирование негативной информации, мешают развитию. Осознание и отказ от них помогают двигаться вперед.

Таким образом, отказ от шаблонов позволяет находить новые пути, адаптироваться к изменениям и достигать нестандартных результатов."
277,"Где искать официальные списки мер поддержки, банков-участников программ?","Официальные списки мер поддержки и банков-участников программ можно найти в следующих источниках:

1. **Сайт МСП.РФ** – там публикуются федеральные и региональные меры поддержки, включая льготные кредиты, субсидии и другие виды помощи.
2. **Сайт Минэкономразвития** – здесь размещаются списки банков, участвующих в госпрограммах, а также подробные условия кредитования.
3. **Сайты местных органов исполнительной власти** – в регионах часто есть специальные разделы для предпринимателей с актуальной информацией о поддержке.
4. **Портал «Мой бизнес»** – содержит контакты региональных центров, где можно уточнить условия участия в программах.
5. **Корпорация МСП** – на её сайте можно узнать о всех действующих мерах поддержки, включая кредиты, гранты и гарантии.

Для удобства можно начать с сайта МСП.РФ, где собраны все ключевые программы, или обратиться в региональный центр «Мой бизнес» для получения персонализированной информации."
278,"Что грозит созаемщику, если основной заемщик прекратил выплаты?","Если основной заемщик прекратил выплаты по кредиту, созаемщик несет полную ответственность за погашение долга. Вот что может произойти:

1. **Обязанность погашения долга**: Созаемщик автоматически становится должником наравне с основным заемщиком. Банк вправе требовать от него полного погашения кредита, так как созаемщик — это тот же заемщик с точки зрения банка.

2. **Риск судебного иска**: Если заемщик не платит, банк может подать в суд на созаемщика. В случае проигрыша дела имущество созаемщика (например, автомобиль, квартира или другие ценные вещи) может быть арестовано и продано для погашения долга.

3. **Влияние на кредитную историю**: Просрочки и невыплаты отразятся в кредитной истории созаемщика, что может усложнить получение кредитов в будущем.

4. **Возможность взыскания долга**: Если созаемщик выплачивает долг за заемщика, он может через суд взыскать с него свою долю, если это было оговорено в соглашении о взаимных обязательствах.

5. **Потеря имущества**: Если кредит был оформлен под залог (например, автомобиль или недвижимость), банк может изъять и продать заложенное имущество для погашения долга.

Таким образом, созаемщик несет такие же риски, как и основной заемщик, и должен быть готов к финансовым и юридическим последствиям в случае невыплат."
279,Какие последствия наступают при несвоевременных выплатах по краудлендингу и по облигациям?,"При несвоевременных выплатах по краудлендингу и облигациям последствия могут быть следующими:

### **Краудлендинг (краудфандинг)**
1. **Штрафы, пени и неустойка** – их размер и порядок начисления должны быть прописаны в договоре с инвесторами.
2. **Судебные иски** – если вы не погасите долг добровольно, кредиторы (или сама платформа, если она компенсирует убытки инвесторам) могут обратиться в суд.
3. **Ухудшение кредитной истории** – информация о просрочках передается в бюро кредитных историй, что в будущем затруднит получение кредитов.
4. **Репутационные риски** – если вы не сможете выплатить долг, это может негативно сказаться на доверии инвесторов и партнеров.

### **Облигации**
1. **Реструктуризация долга** – если у компании временные финансовые трудности, она может договориться с инвесторами об изменении графика выплат (отсрочка, уменьшение или растягивание платежей).
2. **Дефолт** – если компания не может выплатить купонный доход или погасить номинал облигаций, она объявляет дефолт. В этом случае:
   - Биржа прекращает торги ее ценными бумагами.
   - Начинается процедура банкротства, которую могут инициировать держатели облигаций.
3. **Гарантии и поручительства** – если у компании есть гарантии (например, от Корпорации МСП), они могут погасить часть долга, снижая риск банкротства.
4. **Репутационные риски** – дефолт по облигациям становится известен всем потенциальным инвесторам, что усложняет привлечение финансирования в будущем.

Если у вас есть дополнительные вопросы, уточните их!"
280,Почему досрочный платеж по кредиту лучше вносить в дату планового платежа?,"Досрочный платеж по кредиту выгоднее вносить в дату планового платежа, потому что:

1. **Вся сумма пойдет на погашение основного долга**. Если внести платеж в другой день, с момента последнего платежа успеют набежать проценты, и часть внесенной суммы уйдет на их погашение, а не на сокращение долга.

2. **Избегаете риска просрочки**. Даже если вы внесли досрочный платеж, регулярный платеж по графику все равно нужно совершить в установленную дату. Если пропустить его, возникнет просрочка.

3. **Банк пересчитает график платежей**. После досрочного погашения в дату планового платежа банк пересчитает остаток долга и переплату, что позволит сэкономить на процентах.

Таким образом, внесение досрочного платежа в дату планового платежа помогает максимально сократить долг и избежать лишних затрат."
281,Как учесть инфляцию в семейном плане для сохранения сбережений?,"Чтобы учесть инфляцию в семейном плане и сохранить сбережения, можно следовать следующим рекомендациям:

1. **Открыть вклад в банке**
   Вклады помогают защитить накопления от инфляции, так как процентная ставка компенсирует потерю стоимости денег. Важно выбирать надежные банки, где сумма вклада не превышает 1,4 млн рублей (это гарантирует быстрое возмещение в случае отзыва лицензии).

2. **Распределить сбережения по валютам**
   Экономисты советуют хранить деньги не только в рублях, но и в долларах или евро, чтобы снизить риски, связанные с колебаниями курсов.

3. **Использовать индивидуальный инвестиционный счет (ИИС)**
   Часть средств можно вложить в ИИС, что позволит не только приумножить накопления, но и получить налоговый вычет. Однако важно помнить о рисках инвестирования.

4. **Регулярно пересчитывать бюджет с учетом инфляции**
   Повышение цен на товары и услуги снижает покупательную способность денег. Чтобы план оставался актуальным, закладывайте в него возможные потери от инфляции.

5. **Сравнивать личную инфляцию с официальной**
   Вы можете рассчитать свой индекс роста цен (ИРЦ) по ключевым статьям расходов (например, продукты, одежда) и сравнить его с официальными данными. Это поможет понять, насколько сильно ваш бюджет подвержен инфляции.

6. **Использовать срочные вклады или облигации**
   Если вы копите на долгосрочную цель, выбирайте инструменты, которые сложно расторгнуть досрочно. Это поможет избежать соблазна потратить накопления раньше времени.

7. **Откладывать фиксированную сумму**
   Например, 10% дохода, как в примере из контекста. Это дисциплинирует и помогает накапливать средства, несмотря на инфляцию.

Следуя этим рекомендациям, вы сможете минимизировать влияние инфляции на свои сбережения и сохранить их реальную стоимость."
282,Чем отличаются решения для закрытия кассового разрыва для инвестора на бирже и для бизнеса?,"Решения для закрытия кассового разрыва на бирже и для бизнеса имеют несколько ключевых различий:

1. **Форма привлечения средств**:
   - **На бирже**: Компания может выпустить облигации (долговые ценные бумаги) или акции (ценные бумаги, дающие право на долю в бизнесе). Облигации предполагают выплату процентов (купонного дохода) и возврата номинала, а акции — дивиденды.
   - **Для бизнеса**: Можно воспользоваться кредитами, займами или альтернативными методами, такими как краудлендинг (займы у инвесторов через онлайн-площадки) или краудфандинг (финансирование в обмен на продукт или услугу).

2. **Условия и гибкость**:
   - **Биржевые инструменты**: Компания сама определяет размер выплат (дивидендов или купонов), но обязана соблюдать график платежей. В случае проблем возможна реструктуризация долга.
   - **Кредиты и займы**: Часто бывают целевыми (например, на развитие производства), а условия (проценты, сроки) зависят от кредитора.

3. **Прозрачность и репутация**:
   - **Биржевые инструменты**: Требуют полной прозрачности (отчетность, стратегия, финансовые показатели). Финансовые трудности могут негативно повлиять на репутацию и доступ к будущему финансированию.
   - **Кредиты и займы**: Могут быть менее публичными, а временные сложности не всегда становятся известны широкой аудитории.

4. **Сроки и сложность**:
   - **Биржевые инструменты**: Выпуск ценных бумаг занимает больше времени (от 3 месяцев) и требует сложной подготовки.
   - **Кредиты и займы**: Обычно быстрее оформляются, но могут требовать залога.

5. **Круг инвесторов**:
   - **Биржевые инструменты**: Доступны широкому кругу инвесторов, включая частных.
   - **Кредиты и займы**: Ограничены банками, МФО или частными лицами (например, через краудлендинг).

Таким образом, выбор зависит от потребностей бизнеса, его финансовой устойчивости и готовности к публичности."
283,Почему сумма списания по рублевой карте за границей может отличаться от ожидаемой?,"Сумма списания по рублевой карте за границей может отличаться от ожидаемой из-за нескольких факторов:

1. **Конвертация валют** – при оплате в иностранной валюте происходит несколько этапов конвертации:
   - Сначала валюта покупки (например, иена) конвертируется в базовую валюту платежной системы (обычно доллар) по курсу системы.
   - Затем доллары конвертируются в рубли по внутреннему курсу вашего банка (или курсу ЦБ, если банк использует его).
   - Если курсы валют меняются между моментом блокировки суммы и ее списания, итоговая сумма в рублях может отличаться.

2. **Комиссии** – банк и платежная система могут взимать комиссии (до 3% за обмен и до 1,5% за трансграничную операцию), что также влияет на итоговую сумму.

3. **Задержка списания** – деньги сначала блокируются, а списываются только через 1–3 рабочих дня. За это время курс может измениться, и спишется уже другая сумма.

4. **Выбор валюты оплаты** – если оплатить в валюте карты (рублях) вместо местной, банк проведет дополнительную конвертацию, что увеличит комиссии.

Чтобы минимизировать разницу, лучше выбирать оплату в местной валюте и следить за курсами валют."
284,Чем краудинвестинг отличается от краудлендинга?,"Краудинвестинг и краудлендинг — это два разных вида краудфандинга, которые отличаются по условиям привлечения денег и вознаграждению инвесторов.

1. **Краудинвестинг**
   - Инвесторы вкладывают деньги в бизнес в обмен на ценные бумаги компании (акции или облигации).
   - Акционеры становятся совладельцами бизнеса и получают прибыль наравне с владельцами.
   - Облигации — это долговые расписки, по которым инвесторы получают проценты и возврат вложенных средств в установленный срок.
   - Подходит для стартапов, новых проектов или развития бизнеса.

2. **Краудлендинг**
   - Инвесторы дают деньги в долг под проценты (обычно выше банковских — около 25% годовых).
   - Инвесторы не получают долю в бизнесе, а только проценты по займу.
   - Подходит для компаний, которым нужно быстро закрыть кассовый разрыв, пополнить оборотные средства или закупить товары/оборудование.

Таким образом, основное отличие в том, что краудинвестинг предполагает долю в бизнесе или долговые обязательства, а краудлендинг — это просто заем под проценты."
285,Что делать при подозрительном звонке «службы безопасности» на фоне блокировки карты?,"При подозрительном звонке «службы безопасности» на фоне блокировки карты важно действовать осторожно, чтобы не стать жертвой мошенников. Вот что нужно сделать:

1. **Не паникуйте и не торопитесь** – мошенники часто создают ощущение срочности, чтобы вы не задумывались о безопасности.
2. **Не звоните по указанному в сообщении номеру** – это может быть номер мошенников. Они могут подделывать номера, чтобы выглядеть как официальные представители банка.
3. **Перезвоните в банк самостоятельно** – используйте только официальный номер горячей линии, указанный на обратной стороне карты или на сайте банка.
4. **Уточните информацию у банка** – сотрудник банка может задать вам вопросы для проверки личности (например, о последних операциях или кодовом слове).
5. **Не сообщайте данные карты или коды** – настоящий банк никогда не попросит вас назвать PIN-код, CVV или другие конфиденциальные данные по телефону.
6. **Если звонок подозрительный, обратитесь в полицию** – особенно если мошенники пытаются выманить у вас деньги или данные.

Если вы получили СМС о блокировке карты, но не уверены в его подлинности, лучше сразу связаться с банком через официальные каналы."
286,"В каких ситуациях предпринимателю проще воспользоваться лизингом, чем кредитом?","Лизинг может быть более удобной альтернативой кредиту для предпринимателей в следующих ситуациях:

1. **Нет возможности предоставить залог** – в лизинге само имущество (транспорт, оборудование, недвижимость) выступает залогом, поэтому не требуется дополнительное обеспечение.

2. **Сложности с получением кредита** – лизинговые компании чаще одобряют заявки начинающим предпринимателям (даже тем, чей бизнес существует менее года), чем банки.

3. **Гибкие условия платежей** – лизинговые компании могут учесть сезонность бизнеса и предложить платежи, соответствующие доходам (например, большие платежи в разгар сезона и меньшие в межсезонье).

4. **Нужно нежилое помещение** – оформить лизинг на недвижимость проще, чем взять кредит на ее покупку.

5. **Налоговые выгоды** – лизинговые платежи уменьшают налогооблагаемую базу, так как учитываются как расходы.

6. **Отсутствие собственных средств** – лизинг позволяет использовать имущество сразу, внося только первоначальный взнос, а остаток стоимости погашать постепенно.

7. **Возможность выкупа имущества** – в конце срока лизинга предприниматель может выкупить имущество, став его полноправным владельцем.

Таким образом, лизинг выгоден, когда нужен доступ к имуществу без строгих банковских требований, с гибкими платежами и возможностью налоговой оптимизации."
287,Почему обещания «100% результата» и гарантированной прибыли без риска — признак мошенничества?,"Обещания «100% результата» и гарантированной прибыли без риска — это признак мошенничества, потому что:

1. **На финансовом рынке такие заявления запрещены**. Любые инвестиции связаны с рисками, и гарантировать доход без потерь невозможно. Если компания или консультант обещает высокую доходность без рисков, это нарушает законодательство и должно насторожить.

2. **Мошенники используют такие обещания, чтобы привлечь жертв**. Они играют на жадности и неопытности людей, предлагая быстрые и легкие деньги. В реальности такие схемы часто оказываются финансовыми пирамидами, где доходы первых вкладчиков покрываются за счет новых участников.

3. **Отсутствие прозрачности и подтверждения инвестиций**. Мошенники не раскрывают реальные механизмы получения дохода, используют сложные формулы или не дают внятных объяснений. Это делается для того, чтобы запутать потенциальных жертв и скрыть обман.

4. **Высокий риск потери денег**. В реальности любые инвестиции могут привести к убыткам, и честные финансовые организации всегда предупреждают об этом. Гарантии без рисков — это явный признак мошеннической схемы.

Если вам предлагают «100% результат» или гарантированную прибыль, лучше отказаться от сотрудничества и проверить надежность компании через официальные источники, такие как реестр Банка России."
288,В каких случаях можно получить повышенную компенсацию до 10 млн рублей при проблемах с банком?,"Повышенная компенсация до 10 млн рублей при проблемах с банком возможна в следующих случаях:

1. **Счета эскроу** – если счет открыт для расчетов по сделкам купли-продажи недвижимости или договорам долевого строительства.
2. **Крупные суммы, поступившие на счет в течение последних трех месяцев до отзыва лицензии у банка**, в том числе:
   - деньги, полученные в наследство;
   - выручка от продажи недвижимости (квартиры, дома, дачи, земельного участка);
   - выплаты по решению суда;
   - страховые возмещения, компенсации ущерба жизни, здоровью или имуществу;
   - выходные пособия, компенсации по трудовому договору;
   - материнский капитал, социальные выплаты или пособия;
   - гранты в форме субсидий.

Важно: повышенная компенсация действует только для указанных поступлений, а общий размер выплаты (включая обычные сбережения) не может превышать 10 млн рублей."
289,"Какие налоговые либо государственные стимулы доступны для НПФ, ДМС, страхования жизни?","Для **НПФ (негосударственных пенсионных фондов)**, **ДМС (добровольного медицинского страхования)** и **страхования жизни** доступны следующие налоговые и государственные стимулы:

1. **Налоговый вычет на взносы**
   - **Страхование жизни** (сроком от 5 лет) и **ДМС** (любой длительности) позволяют оформить **социальный налоговый вычет**. Это дает возможность вернуть до 13% от уплаченных взносов (но не более суммы уплаченного НДФЛ за год).
   - Для **НПФ** (в рамках программы долгосрочных сбережений, ПДС) также доступен **налоговый вычет** — до 13% от взносов, но в пределах лимита (ожидается 52 000 рублей в 2024 году).

2. **Софинансирование от государства (для НПФ)**
   - По программе **ПДС** государство добавляет до **36 000 рублей в год** на счет в НПФ в течение трех лет. Размер софинансирования зависит от суммы ваших взносов и ежемесячного дохода.

3. **Освобождение от налогов на выплаты**
   - **Страховые выплаты по рисковым событиям** (например, смерть застрахованного) **не облагаются НДФЛ**.
   - **Выплаты по дожитию** в рамках страхования жизни освобождаются от налога, если:
     - взносы делались за себя;
     - доход по полису не превышает лимит (сумма взносов за каждый год, умноженная на среднюю ключевую ставку ЦБ за тот же год, сложенная за все годы действия полиса).

4. **Гарантии по НПФ**
   - Сбережения в НПФ застрахованы государством на сумму до **2,8 млн рублей**. Если планируете вложить больше, лучше распределить средства по разным фондам.

5. **Дополнительные льготы по ПДС**
   - Возможность начать выплаты через **15 лет** или с **55/60 лет** (для женщин/мужчин соответственно).
   - Возможность инвестировать возвращенные налоговые вычеты в НПФ для увеличения будущих выплат.

Если вам нужны более детальные условия или примеры расчетов, уточните конкретный продукт (НПФ, ДМС или страхование жизни)."
290,"Почему при разделе ипотечной квартиры важно учитывать лимиты льготных программ, если ставка была снижена за счет застройщика?","При разделе ипотечной квартиры важно учитывать лимиты льготных программ, даже если ставка была снижена за счет застройщика, по нескольким причинам:

1. **Ограничения по сумме кредита**: Льготные программы (например, семейная ипотека или ипотека на новостройки) имеют лимиты на сумму займа. В Москве, Санкт-Петербурге и прилегающих областях это 12 млн рублей, в других регионах — 6 млн рублей. Если при разделе долга или собственности сумма превышает эти лимиты, часть кредита может перейти на рыночную ставку, что увеличит ежемесячные платежи.

2. **Риск потери льготы**: Если застройщик субсидировал ставку, это не всегда означает, что условия полностью соответствуют государственным программам. В случае раздела ипотеки банк или застройщик могут пересмотреть условия, и часть долга может быть переведена на обычную ставку, что сделает кредит менее выгодным.

3. **Скрытые условия**: Застройщики могут предлагать сниженные ставки за счет завышения стоимости жилья или включения дополнительных платежей (например, страховки). При разделе ипотеки эти условия могут повлиять на распределение долгов и прав на жилье, что потребует тщательного анализа.

Таким образом, даже при субсидированной ставке от застройщика важно учитывать лимиты льготных программ, чтобы избежать неожиданных финансовых нагрузок."
291,Какие признаки укажут на финансовую пирамиду под видом инвестпроекта либо «работы с высоким доходом»?,"Финансовые пирамиды, маскирующиеся под инвестпроекты или предложения работы с высоким доходом, имеют несколько характерных признаков:

1. **Гарантируют высокий доход без рисков**
   - Обещают неслыханно высокие проценты по вкладам, намного выше рыночных.
   - Заявляют об отсутствии рисков, что запрещено на финансовом рынке.
   - Используют сложные и непонятные схемы начисления дохода, чтобы запутать вкладчиков.

2. **Просят привлекать новых участников**
   - Обещают бонусы или проценты за каждого привлеченного друга.
   - Мотивируют активно вовлекать других людей, чтобы пирамида росла.

3. **Нет подтверждения инвестиций**
   - Компания не имеет лицензии или регистрации в реестре Банка России.
   - Отказывается предоставить документы или договоры.

4. **Маскируются под легальные проекты**
   - Позиционируют себя как инвестиционные компании, управляющие предприятия, IT-стартапы или даже микрофинансовые организации.
   - Используют громкие названия, но не объясняют, куда именно вкладываются деньги.

5. **Требуют внесения денег сразу**
   - Давят на срочность, предлагая внести деньги наличными или без проверки.
   - Утверждают, что без депозита нельзя начать сотрудничество.

6. **Предлагают «работу» с высоким доходом**
   - Вакансии описываются общими фразами (например, «работа в сфере рекламы»).
   - Нужно вносить депозит, ставить лайки, привлекать других людей или оформлять заказы на маркетплейсах.

7. **Используют агрессивный маркетинг**
   - Яркая реклама, красивые офисы, активное продвижение в соцсетях.
   - Давят на эмоции, обещая быстрые и легкие деньги.

Если вы заметили хотя бы несколько из этих признаков, велика вероятность, что перед вами финансовая пирамида. В таком случае лучше отказаться от сотрудничества и проверить компанию через официальные источники."
292,Почему включение платных сервисов в сумму кредита ведет к переплате?,"Включение платных сервисов в сумму кредита ведет к переплате по нескольким причинам:

1. **Начисление процентов на дополнительные услуги** – если стоимость сервисов включена в кредит, на нее тоже начисляются проценты. Это означает, что в итоге вы заплатите не только за саму услугу, но и за ее финансирование через кредит.

2. **Увеличение общей суммы долга** – дополнительные услуги увеличивают общую сумму, на которую начисляются проценты. Даже если сама услуга недорогая, проценты по кредиту сделают ее стоимость выше.

3. **Риск навязывания ненужных сервисов** – некоторые кредиторы могут скрывать возможность отказа от услуг или навязывать их, что приводит к лишним тратам.

4. **Сложность сравнения предложений** – если стоимость услуг включена в кредит, сложнее оценить реальную переплату и сравнить предложения разных банков.

Поэтому важно внимательно изучать договор, отказываться от ненужных услуг и рассчитывать полную стоимость кредита (ПСК), чтобы понять, насколько выгодны условия."
293,"Когда уместнее выбрать краудфандинг, а не копить самостоятельно?","Краудфандинг может быть уместнее, чем копить самостоятельно, в следующих случаях:

1. **Нет времени ждать** – Если вам срочно нужны деньги для запуска или развития проекта, краудфандинг позволяет быстро собрать средства, не дожидаясь накопления собственных сбережений.

2. **Необходимы большие суммы** – Если проект требует значительных вложений, которые вы не можете накопить за разумный срок, краудфандинг помогает привлечь средства от множества инвесторов.

3. **Творческий или социальный проект** – Если ваш проект ориентирован на конкретную аудиторию (например, книга, фильм, гаджет), краудфандинг с нефинансовым вознаграждением (получение продукта или услуги) может быть эффективным способом привлечь поддержку.

4. **Нет доступа к кредитам или господдержке** – Если традиционные способы финансирования (кредиты, госсубсидии) недоступны, краудфандинг может стать альтернативой.

Однако важно учитывать риски: не все проекты привлекают инвесторов, и не все кампании успешны. Перед запуском краудфандинга стоит оценить перспективы проекта и готовность аудитории его поддержать."
294,Как оформить вычет на инвестиционный доход по ИИС‑3 при закрытии счета?,"Чтобы оформить вычет на инвестиционный доход по ИИС-3 при закрытии счета, выполните следующие шаги:

1. **Подайте заявление брокеру или управляющему** – они выступают налоговыми агентами. В заявлении укажите, что вы хотите освободить доход от налога (НДФЛ).

2. **Предоставьте подтверждающие документы** – например, справку из ФНС, что вы не получали вычет на взносы по этому счету (если речь идет о комбинированном ИИС-2/3).

3. **Убедитесь, что соблюдены условия**:
   - Счет был открыт не менее 3 лет (минимальный срок владения).
   - Доход по всем закрытым в этом году ИИС не превышает 30 млн рублей.
   - В год закрытия счета вычет на взносы не предоставляется.

4. **Брокер или управляющий** рассчитает размер вычета и не будет удерживать НДФЛ с дохода.

Если вы закрыли счет досрочно (до истечения 3 лет), вычет на доход не предоставляется, и с прибыли придется заплатить налог.

Для удобства можно оформить вычет через личный кабинет налогоплательщика на сайте ФНС, но в случае с ИИС-3 это делается через брокера."
295,"Как залог снижает риск потерь для того, кто предоставляет деньги?","Залог снижает риск потерь для кредитора (того, кто предоставляет деньги) следующим образом:

1. **Гарантия возврата средств** – если заемщик не выплачивает долг, кредитор может изъять залоговое имущество (например, недвижимость, автомобиль) и продать его, чтобы вернуть свои деньги. Это снижает финансовые риски кредитора.

2. **Снижение ставок по кредитам** – обеспеченные займы (с залогом) обычно имеют более низкие процентные ставки, так как риск невыплаты для кредитора ниже.

3. **Упрощение взыскания** – в случае судебных разбирательств залоговое имущество может быть арестовано и продано без длительных процедур, что ускоряет возврат средств.

4. **Страхование залога** – если залоговое имущество (например, недвижимость) застраховано, кредитор защищен от рисков его повреждения или утраты, что также снижает финансовые потери.

5. **Дополнительная защита в суде** – если договор залога нотариально заверен, кредитор может сразу обратиться к судебным приставам, минуя длительные судебные разбирательства.

Таким образом, залог делает кредитование более безопасным для кредитора, так как минимизирует риски невыплаты и упрощает процесс взыскания."
296,Обязателен ли для продавцов прием платежей по QR-коду через СБП по сравнению с планом приема цифровых рублей крупным бизнесом?,"Прием платежей по QR-коду через Систему быстрых платежей (СБП) для продавцов **не является обязательным**. Продавцы сами решают, как им удобнее принимать оплату от покупателей.

Однако для компаний с выручкой **от 20 млн рублей в год** обязателен прием платежей по картам «Мир». Это требование не распространяется на QR-коды, но подчеркивает важность безналичных платежей.

В то же время **цифровые рубли** станут обязательными для крупного бизнеса (с выручкой от 20 млн рублей) с **1 сентября 2028 года**. До этого срока их использование будет добровольным.

Таким образом, QR-оплата через СБП остается добровольной, в отличие от цифровых рублей, которые в будущем станут обязательными для крупных продавцов."
297,Может ли банк отказать в кредите после биометрической идентификации?,"Да, банк может отказать в кредите даже после успешной биометрической идентификации. Отказ возможен по тем же причинам, что и при личном посещении офиса. Например, если у заемщика нет стабильного дохода или есть подозрения в отмывании денег. В таком случае банк вправе отказать в предоставлении кредита, несмотря на подтверждение личности через биометрию.

Если вы считаете, что отказ был неправомерным, можно оставить жалобу в интернет-приемной Банка России."
298,Какие признаки операций чаще всего вызывают у банка подозрения в мошенничестве?,"Банки могут заподозрить мошенничество в следующих случаях:

1. **Нетипичное поведение клиента**:
   - Первая операция за границей, если ранее карта использовалась только внутри страны.
   - Крупный платеж, необычный для привычных операций клиента.
   - Покупки или переводы в необычное время (например, ночью или в рабочие дни, если обычно клиент действует в выходные).

2. **Несоответствие операции профилю клиента или бизнеса**:
   - Переводы на необычно большую сумму по сравнению с обычными операциями.
   - Платежи, не соответствующие деятельности компании (например, строительная фирма переводит деньги за табачные изделия).
   - Переводы на сомнительных контрагентов, особенно если они уже попали в зону риска.

3. **Технические признаки мошенничества**:
   - Одновременные переводы на несколько карт (""веерные"" платежи).
   - Переводы на счета, связанные с мошенническими схемами (банк проверяет реквизиты получателя по базам данных).
   - Отсутствие информации о назначении платежа (например, перевод без указания получателя или причины).

4. **Подозрительные действия с картой или счетом**:
   - Частые снятия крупных сумм сразу после зачисления.
   - Неоднократные операции, выбивающиеся из обычного поведения клиента.

Если банк заподозрит мошенничество, он приостановит операцию и попытается связаться с клиентом для подтверждения. Если ответ не получен в течение двух дней, транзакция будет автоматически разблокирована."
299,Какой вариант финансирования выбрать сезонному бизнесу при риске отказа банка из‑за регулярных платежей?,"Для сезонного бизнеса, когда банк отказывает из-за необходимости регулярных платежей, можно рассмотреть несколько альтернативных вариантов финансирования:

1. **Лизинг с индивидуальным графиком платежей**
   Лизинговая компания может предложить гибкий график выплат, учитывающий сезонность бизнеса. Например, вы будете платить больше в месяцы с высокой выручкой и меньше — в периоды спада. Также возможна оплата продукцией (например, зерном, если лизингованное оборудование используется в сельском хозяйстве).

2. **Факторинг**
   Если ваш бизнес работает с отсрочкой платежа, факторинговая компания может предоставить финансирование, купив у вас дебиторскую задолженность. Это снизит риски неплатежей и кассовые разрывы, так как фактор сам будет контролировать возврат денег от ваших клиентов.

3. **Овердрафт на бизнес-счет**
   Если у вас стабильные поступления на расчетный счет, банк может предоставить овердрафт. Это удобный способ покрытия временных кассовых разрывов, особенно если выручка непостоянна.

4. **Государственные гарантии**
   Можно обратиться за поддержкой в Национальную гарантийную систему, чтобы получить кредит под госгарантию. Это снизит риски для банка и повысит шансы на одобрение.

5. **Лизинг вместо кредита**
   Лизинг может быть более доступным вариантом, чем кредит, особенно для начинающих предпринимателей. Лизинговая компания в случае невыполнения обязательств просто заберет имущество, что снижает ее риски.

Выбор зависит от специфики вашего бизнеса, наличия залогового имущества и финансовых возможностей."
300,"Как действует страхование вкладов для номинального счета на ребенка, по сравнению с обычным банковским вкладом?","Страхование вкладов для номинального счета на ребенка и обычного банковского вклада имеет как общие черты, так и различия.

**Общие черты:**
- Оба типа счетов застрахованы государством. В случае отзыва лицензии у банка компенсация может достигать **1,4 млн рублей** (по номинальному счету) и **1,4 млн рублей** (по обычному вкладу).
- Страховое возмещение не уменьшает лимит по другим счетам и вкладам в этом же банке.

**Особенности номинального счета:**
- **Дополнительная защита:** Деньги на номинальном счете не могут быть арестованы или конфискованы по долгам родителей, так как принадлежат ребенку. Однако если долг числится за самим несовершеннолетним (например, по коммунальным платежам за его имущество), средства могут быть взысканы.
- **Ограничения по пополнению:** На номинальный счет можно перечислять только пособия на ребенка, а не любые средства, как на обычный вклад.
- **Низкая доходность:** Процентная ставка по номинальному счету обычно ниже, чем по накопительным счетам или вкладам.

**Особенности обычного вклада:**
- **Гибкость:** Можно пополнять счет любыми средствами, выбирать разные виды вкладов (срочные, до востребования) и получать более высокую доходность.
- **Страховка:** Включает все виды вкладов (срочные, до востребования, валютные) и текущие счета, но общий лимит компенсации — **1,4 млн рублей** на одного вкладчика в одном банке.

Таким образом, номинальный счет лучше подходит для защиты пособий ребенка, а обычный вклад — для накопления с более высокой доходностью."
301,"Как распознать обман в звонках про блокировку карты из‑за SWIFT, где перепроверять такую информацию?","Если вам звонят и сообщают о блокировке карты из-за SWIFT, важно не поддаваться панике и проверить информацию. Вот как распознать обман и перепроверить данные:

1. **Не перезванивайте по указанному в сообщении номеру** – мошенники могут подделывать номера, чтобы выглядеть как сотрудники банка. Вместо этого позвоните на официальный номер горячей линии банка, который указан на обратной стороне вашей карты или на сайте банка.

2. **Не переходите по ссылкам из сообщений** – мошенники могут отправить вам фальшивое письмо или СМС с просьбой перейти по ссылке. Это может быть фишинговая атака, направленная на кражу ваших данных.

3. **Уточните информацию у банка** – если вам сообщили о блокировке, позвоните в банк и уточните, действительно ли это так. Сотрудник банка может задать вам дополнительные вопросы для проверки личности (например, уточнить последние операции или кодовое слово).

4. **Не предоставляйте конфиденциальные данные** – настоящий банк никогда не попросит вас назвать пароль, CVV-код или другие секретные данные по телефону.

5. **Проверьте официальные источники** – если есть сомнения, посетите официальный сайт банка или обратитесь в ближайшее отделение.

Мошенники часто используют новостные поводы (например, санкции или отключение от SWIFT) для запугивания и выманивания денег. Если вам звонят с угрозами блокировки, это почти наверняка попытка обмана."
302,По каким признакам распознать фишинговый сайт или письмо?,"Фишинговые сайты и письма можно распознать по следующим признакам:

### **Признаки фишингового письма:**
1. **Необычный или подозрительный отправитель** – если адрес отправителя незнаком или содержит ошибки в названии компании.
2. **Орфографические и стилистические ошибки** – мошенники часто допускают ошибки в тексте, которые редко встречаются в официальных рассылках.
3. **Срочность и эмоциональный подтекст** – письма могут пугать (например, угрожать блокировкой карты) или обещать выгоду (скидки, подарки).
4. **Подозрительные ссылки** – перед переходом проверьте адрес, наведя на него курсор (на ПК) или удерживая палец (на смартфоне).
5. **Пустые письма** – если письмо кажется пустым, но при этом содержит скрытые ссылки, это признак мошенничества.

### **Признаки фишингового сайта:**
1. **Неправильный URL** – проверяйте адрес на наличие лишних символов, дефисов, точек или подозрительных доменов (например, `gosuslugi.ru.obman.com`).
2. **Отсутствие HTTPS и значка замка** – если сайт требует ввода данных, но не использует защищенное соединение, это тревожный знак.
3. **Необычный дизайн** – даже если сайт выглядит как оригинальный, мелкие отличия (шрифты, цвета, структура) могут указывать на подделку.
4. **Попытка ввести данные карты или коды из СМС** – настоящие платежные системы перенаправляют на защищенные страницы банков или платежных систем, а не принимают данные напрямую.
5. **Неработающие ссылки и ошибки** – если на сайте много битых ссылок или опечаток, это признак мошенничества.

Если вы заметили хотя бы один из этих признаков, не переходите по ссылкам, не вводите данные и не скачивайте вложения."
303,Как проверить подлинность полиса ОСАГО перед покупкой?,"Чтобы проверить подлинность полиса ОСАГО перед покупкой, выполните следующие шаги:

1. **Проверьте лицензию страховой компании**
   Убедитесь, что у страховщика есть действующая лицензия Банка России на ОСАГО. Это можно сделать через справочник Банка России.

2. **Проверьте полномочия посредника**
   Если вы покупаете полис через агента или брокера, запросите у него документы: паспорт, агентский или брокерский договор, доверенность на подписание документов.

3. **Проверьте адрес сайта**
   Убедитесь, что вы находитесь на официальном сайте страховой компании. Для этого:
   - Проверьте адрес в реестре Банка России (www.cbr.ru) или на сайте РСА.
   - Ориентируйтесь на маркировку в поисковых системах «Яндекс» и Mail.ru, где официальные сайты отмечены галочкой.

4. **Проверьте QR-код (если полис электронный)**
   На распечатке электронного полиса должен быть QR-код. Считайте его с помощью смартфона и проверьте:
   - Название страховой компании.
   - Номер полиса, дату выдачи и срок действия.
   - Марку, модель, VIN-код и госномер вашей машины.

5. **Проверьте цену**
   Низкая цена может быть признаком мошенничества. Рассчитайте стоимость полиса самостоятельно или сравните предложения разных компаний с помощью онлайн-калькуляторов.

Если после покупки вы обнаружите ошибки в полисе, немедленно свяжитесь со страховой компанией для исправления данных."
304,Почему нельзя сообщать коды из СМС незнакомцам?,"Коды из СМС, которые присылает банк, являются секретными и предназначены только для вас. Мошенники могут притворяться сотрудниками банка, родственниками или знакомыми, чтобы выманить у вас эти коды. Если вы их сообщите, злоумышленники смогут получить доступ к вашему счету, списать деньги или оформить на ваше имя платные подписки.

Настоящие сотрудники банка никогда не запрашивают такие коды по телефону, через мессенджеры или электронную почту. Если вам звонят и просят назвать код из СМС, это 100% мошенничество. В таких случаях следует немедленно прекратить разговор и перезвонить в банк по официальному номеру, указанному на сайте или на обратной стороне карты.

Кроме того, коды из СМС часто используются для подтверждения операций, поэтому их утечка может привести к несанкционированным переводам. Всегда будьте бдительны и не передавайте такие данные третьим лицам."
305,Чем отличается дополнительная детская карта от собственной молодежной карты с 14 лет?,"Дополнительная детская карта и собственная молодежная карта с 14 лет отличаются по нескольким ключевым параметрам:

1. **Привязка к счету**:
   - **Детская карта (6–14 лет)**: Привязывается к счету родителя. Родители устанавливают лимиты на траты и могут контролировать операции.
   - **Молодежная карта (с 14 лет)**: Оформляется на отдельный счет подростка, но требует письменного согласия родителей.

2. **Возрастные ограничения**:
   - Детская карта доступна с 6–7 лет (в зависимости от банка).
   - Молодежная карта оформляется только с 14 лет, когда у ребенка есть паспорт.

3. **Контроль со стороны родителей**:
   - У детской карты родители могут ограничивать операции (например, запрещать онлайн-покупки или снятие наличных).
   - У молодежной карты подросток получает больше самостоятельности, но родители могут продолжать контролировать траты через уведомления или лимиты.

4. **Обслуживание и комиссии**:
   - Детские карты обычно бесплатны, но могут взиматься комиссии за уведомления.
   - Молодежные карты могут иметь небольшую годовую плату (от 150 рублей) и дополнительные комиссии.

5. **Дизайн и персонализация**:
   - Детские карты могут быть именными или неименными, иногда с выбором дизайна.
   - Молодежные карты чаще оформляются на имя подростка.

Таким образом, детская карта больше ориентирована на контроль со стороны родителей, а молодежная — на постепенное обучение финансовой самостоятельности."
306,Какие реестры и списки стоит проверить перед инвестированием и выбором юриста?,"Перед инвестированием и выбором юриста стоит проверить следующие реестры и списки:

### **Для проверки финансовых организаций (инвестиции, брокеры, инвестсоветники):**
1. **Реестр Банка России** – проверьте, есть ли компания в списке лицензированных брокеров, инвестиционных консультантов, управляющих компаний и других финансовых организаций. Если компании нет в реестре, она работает нелегально.
2. **Список сомнительных организаций на сайте Банка России** – проверьте, не числится ли компания в перечне подозрительных проектов с признаками финансовых пирамид.
3. **Государственный реестр юридических лиц (ЕГРЮЛ) на сайте ФНС** – изучите дату регистрации, уставный капитал, основной вид деятельности. Если компания зарегистрирована недавно или ее деятельность не соответствует заявленной, это повышенный риск.
4. **Саморегулируемые организации (СРО)** – проверьте, состоит ли инвестсоветник в НАУФОР или АМИКС.

### **Для проверки юристов:**
1. **Государственный реестр адвокатов** – если юрист представляет себя адвокатом, запросите его удостоверение и проверьте его данные в реестре.
2. **Отзывы и рекомендации** – лучше выбирать юриста по рекомендациям знакомых, так как самостоятельно проверить его квалификацию сложно.

### **Дополнительные проверки:**
- **Сервис «Федресурс»** – проверьте, не подавали ли на компанию в суд за долги.
- **Список недобросовестных работодателей на сайте Роструда** – если выбираете компанию для работы, а не инвестиций.

Если компания или юрист не найдены в официальных реестрах, это повод насторожиться."
307,"Когда разумнее выбрать банковский вклад, а не накопительное страхование жизни?","Разумнее выбрать банковский вклад вместо накопительного страхования жизни (НСЖ) в следующих случаях:

1. **Если вы не уверены в регулярных крупных отчислениях** – вклад подходит тем, кто не может или не хочет вносить большие суммы регулярно.
2. **Если вам важна гарантированная доходность** – банки сразу указывают процентную ставку и итоговую сумму, тогда как доходность по НСЖ зависит от рыночных условий и может быть ниже.
3. **Если вы хотите защиту государства** – вклады в банках застрахованы (до 1,4 млн рублей), а страховые вложения не гарантируются.
4. **Если вам нужна ликвидность** – при отзыве лицензии у страховой компании выплаты могут задержаться на полгода, а вклад можно закрыть быстрее.
5. **Если вы не готовы к рискам** – НСЖ может привести к нулевой или даже отрицательной доходности, тогда как вклад гарантирует возврат средств с процентами.

Если же вы готовы к инвестиционным рискам и ищете более высокую (но не гарантированную) доходность, НСЖ может быть вариантом. Однако перед выбором важно сравнить условия и рассчитать выгоду."
308,Как реально улучшить испорченную кредитную историю?,"Чтобы реально улучшить испорченную кредитную историю, следуйте этим шагам:

1. **Проверьте кредитный отчет** – запросите его бесплатно два раза в год. Возможно, в нем есть ошибки, которые можно исправить, обратившись в банк, МФО или бюро кредитных историй (БКИ).

2. **Погашайте текущие долги** – если у вас есть действующие кредиты или займы, выплачивайте их без просрочек. Это покажет банкам, что вы стали более дисциплинированным заемщиком.

3. **Оформите небольшие кредиты или займы** – возьмите небольшие ссуды (например, на бытовую технику или кредитную карту) и гасите их вовремя. Это поможет создать положительную кредитную историю.

4. **Используйте кредитные карты с осторожностью** – если у вас есть кредитки, не допускайте просрочек и старайтесь не использовать весь лимит.

5. **Проверяйте информацию в БКИ** – иногда банки не передают данные о погашении долга, из-за чего в отчете появляются ложные просрочки. Если обнаружите такую ошибку, обратитесь в БКИ для исправления.

6. **Будьте терпеливы** – улучшение кредитной истории требует времени. Финансовые организации особенно внимательно изучают активность за последние 2–3 года, поэтому старайтесь поддерживать хорошую репутацию заемщика.

7. **Избегайте мошенников** – не верьте обещаниям «улучшить кредитную историю» за деньги. Единственный способ исправить ситуацию – это дисциплинированное погашение долгов.

Со временем, если вы будете следовать этим рекомендациям, ваш кредитный рейтинг улучшится, и банки начнут доверять вам больше."
309,Как получить доступ к средствам на счете при проблемах с картой?,"Если у вас возникли проблемы с картой (например, она заблокирована, утеряна или повреждена), но счет остается активным, вы можете получить доступ к своим средствам несколькими способами:

1. **Перевыпустить карту** – Обратитесь в банк для выпуска новой карты. Некоторые банки делают это быстро (в течение суток), но услуга может быть платной.

2. **Снять наличные в банке** – Посетите отделение банка с паспортом, чтобы снять деньги со счета без карты.

3. **Перевести деньги на другую карту** – Используйте мобильное приложение или личный кабинет банка, чтобы перевести средства на другую активную карту (своего или другого банка). Возможна комиссия.

4. **Прикрепить другую карту к счету** – Уточните в банке, можно ли привязать к счету другую карту (например, если у вас есть еще одна карта этого же банка).

5. **Снять наличные в магазине** – Некоторые торговые точки позволяют снять деньги с карты при оплате покупки (если на счете достаточно средств).

6. **Использовать номер счета для переводов** – Даже без карты вы можете получать переводы на счет по его номеру или номеру телефона.

Если карта заблокирована по подозрению в мошенничестве, уточните причину у банка, позвонив на официальный номер горячей линии."
310,Почему массовая рассылка заявок снижает шансы на одобрение?,"Массовая рассылка заявок снижает шансы на одобрение кредита по нескольким причинам:

1. **Снижение кредитного рейтинга**. Бюро кредитных историй (БКИ) могут расценивать частые запросы от разных организаций как подозрительное поведение, что приводит к незначительному, но все же снижению рейтинга.

2. **Увеличение риска отказа**. Банки и МФО учитывают кредитный рейтинг при принятии решения. Если рейтинг низкий из-за множества заявок, это может стать дополнительным поводом для отказа или повышения процентной ставки.

3. **Повышение долговой нагрузки (ПДН)**. Если заемщик уже имеет несколько кредитов, новые заявки могут ухудшить его финансовое положение в глазах кредиторов.

4. **Мошеннические схемы**. Частые запросы могут привлечь внимание мошенников, которые используют подобные ситуации для обмана (например, звонки с угрозами о якобы оформленных кредитах).

Таким образом, лучше подавать заявки в несколько организаций с разрывом во времени, чтобы избежать негативного влияния на кредитную историю."
311,Какие решения дают налоговую выгоду при одновременной защите сбережений?,"При одновременной защите сбережений и получении налоговой выгоды можно рассмотреть следующие решения:

1. **Накопительное страхование жизни (НСЖ)** – помимо страховой защиты и накопления, дает налоговые льготы:
   - **Налоговый вычет на взносы** – можно вернуть часть уплаченного НДФЛ, если полис оформлен на срок от 5 лет.
   - **Освобождение от налога** на страховое возмещение по риску смерти и выплату по дожитию (при соблюдении условий).

2. **Программа долгосрочных сбережений (ПДС)** – позволяет получить налоговые вычеты на взносы и доход, а также дополнительные выплаты от государства (до 36 000 рублей в год). Сбережения застрахованы государством на 2,8 млн рублей.

3. **Индивидуальный инвестиционный счет (ИИС-3)** – предоставляет налоговые льготы на взносы и доход, если счет открыт на срок не менее 5 лет. Деньги можно инвестировать в различные активы, а сбережения защищены в рамках законодательства.

4. **Негосударственное пенсионное страхование (НПФ)** – позволяет получить налоговый вычет на взносы, а также увеличить будущие выплаты за счет инвестирования. Сбережения застрахованы государством.

Эти инструменты позволяют не только защитить сбережения, но и снизить налоговую нагрузку, что делает их выгодными для долгосрочного планирования."
312,"Где хранятся купленные через брокера акции и с чего начать их поиск, если вы потеряли документы?","Если вы купили акции через брокера, они хранятся на вашем личном счете депо в депозитарии этого брокера. Чтобы найти свои акции, начните с следующих шагов:

1. **Вспомните или найдите данные брокера** – попробуйте вспомнить, через какого брокера вы покупали акции, или поищите договор с ним.
2. **Уточните депозитарий** – обратитесь к брокеру, чтобы узнать, в каком депозитарии хранятся ваши активы.
3. **Запросите выписку** – у депозитария можно запросить выписку по счету депо, где будут перечислены ваши бумаги.
4. **Проверьте брокерские отчеты** – брокер регулярно отправляет отчеты о состоянии счетов, возможно, они сохранились у вас в электронной почте или архивах.

Если документов нет, но вы помните, что инвестировали в конкретную компанию, можно обратиться к регистратору этой компании (его данные обычно есть на сайте эмитента или в базе Банка России). Однако в этом случае потребуется предоставить паспортные данные, чтобы подтвердить право собственности.

Если акции были куплены напрямую у компании (без брокера), ваше имя должно быть в реестре акционеров, и вы можете запросить выписку у регистратора."
313,"Что безопаснее для оплаты: карта, QR‑код или биометрия?","Наиболее безопасными способами оплаты являются **биометрия** и **QR-код**, а карта уступает им по уровню защиты.

1. **Биометрия** (лицо, голос, отпечатки пальцев) — самый защищённый вариант. Данные передаются в зашифрованном виде в Единую биометрическую систему (ЕБС), которая надёжно защищена от взлома. Мошенники не могут украсть биометрические данные, так как они уникальны и не могут быть подделаны.

2. **QR-код** (особенно через Систему быстрых платежей — СБП) также безопасен. При оплате не требуется вводить реквизиты карты, что исключает риск перехвата данных. Кроме того, для доступа к деньгам злоумышленнику нужно будет разблокировать телефон и подобрать пароль к банковскому приложению.

3. **Карта** менее защищена, так как её реквизиты могут быть скомпрометированы (например, при оплате в интернете или при утере карты). Однако современные карты с чипами и токенизацией также обеспечивают хороший уровень безопасности.

**Вывод:** если у вас есть возможность, лучше использовать **биометрию** или **QR-код** (особенно через СБП), так как они более защищены от мошенничества."
314,Какие устройства нужны для оплаты по QR-коду по сравнению с оплатой лицом на кассе?,"Для оплаты по QR-коду достаточно смартфона с камерой и установленным мобильным приложением банка или приложением **СБПэй**. Важно, чтобы магазин принимал платежи по QR-коду от вашего банка.

В отличие от этого, для бесконтактной оплаты лицом на кассе требуется смартфон с **NFC-модулем** (или банковская карта с поддержкой бесконтактных платежей). Из-за санкций могут возникать сложности с бесконтактной оплатой, тогда как QR-платежи работают стабильно.

Таким образом, QR-оплата более доступна, так как не требует специального оборудования (NFC) и работает на большинстве современных смартфонов."
315,Какие реквизиты карты относятся к секретным при онлайн-оплате?,"При онлайн-оплате к секретным реквизитам карты относятся:

1. **Трёхзначный код CVV/CVC** (на обратной стороне карты) — его необходимо вводить для подтверждения платежа.
2. **Пароли и коды из банковских уведомлений** (например, одноразовые коды из SMS или push-уведомлений) — они требуются для подтверждения операций.
3. **ПИН-код карты** — его нельзя сообщать никому, так как он нужен для снятия наличных в банкоматах.

Также важно не сообщать **срок действия карты**, так как иногда его достаточно для мошеннических операций. Все эти данные нужно хранить в тайне и вводить только на проверенных сайтах."
316,"Как обращаются субординированные бумаги при санации, распространяется ли на такие инструменты защита АСВ?","При санации банка субординированные облигации (суборды) и субординированные депозиты не подлежат выплатам. Их обязательства прекращаются, и владельцы таких ценных бумаг не могут вернуть свои деньги, так как они приравниваются к акционерам банка.

Что касается защиты АСВ, то она **не распространяется** на субординированные депозиты и облигации. Это подтверждается в контексте, где указано, что государственная страховка не покрывает вклады в ценные бумаги банка, включая субординированные инструменты.

Таким образом, инвесторы, владеющие субординированными облигациями или депозитами, несут повышенные риски и не могут рассчитывать на компенсацию от АСВ в случае санации или отзыва лицензии у банка."
317,"Какие последствия ждут продавца, если новый владелец ездит по его полису ОСАГО?","Если новый владелец автомобиля ездит по полису ОСАГО продавца, это может привести к серьёзным последствиям:

1. **Отказ в выплатах при ДТП**: Страховая компания вправе отказать в выплатах, так как полис оформлен на прежнего собственника, а не на нового владельца. В этом случае новый владелец будет вынужден компенсировать ущерб пострадавшим из своего кармана.

2. **Регрессный иск к продавцу**: Если страховая всё же выплатит компенсацию пострадавшим, она может предъявить регрессный иск к продавцу, потребовав возмещения затрат. Это связано с тем, что продавец незаконно передал управление автомобилем незастрахованному лицу.

3. **Штрафы для нового владельца**: Новый собственник может получить штраф за отсутствие собственного полиса ОСАГО, так как закон требует, чтобы каждый владелец автомобиля оформлял страховку на своё имя.

Таким образом, продавец рискует не только финансовыми потерями, но и юридическими последствиями. Правильный вариант — сообщить страховщику о смене владельца и расторгнуть договор, а новому собственнику — оформить свой полис ОСАГО."
318,Какие шаги доступны заемщику при финансовых трудностях?,"При финансовых трудностях заемщику доступны следующие шаги:

1. **Реструктуризация долга** – изменение условий кредитного договора, например, уменьшение размера платежей за счет увеличения срока погашения или конвертация валюты.
2. **Рефинансирование** – оформление нового кредита на более выгодных условиях (например, с более низкой ставкой) для погашения старого.
3. **Кредитные каникулы** – отсрочка платежей на срок до полугода, доступная заемщикам с ухудшившимся финансовым положением, включая ипотечные каникулы.
4. **Продажа заложенного имущества** – если кредит обеспечен залогом (например, ипотека), можно продать объект с согласия банка и погасить долг.
5. **Обращение в банк** – честное признание проблем и поиск компромиссных решений, так как кредиторы заинтересованы в возврате долга.
6. **Банкротство** – крайняя мера, если другие варианты не помогли, но она ухудшает кредитную историю и репутацию.

Для детального изучения каждого варианта можно обратиться к статьям, указанным в контексте."
319,"Что безопасно сообщать для получения перевода, какие данные считаются «ключом к деньгам»?","Для получения перевода безопасно сообщать следующие данные:

1. **Название банка и номер телефона**, к которому привязан счет. Эти данные позволяют отправителю перевести деньги через Систему быстрых платежей.
2. **Номер банковской карты** (16 цифр на лицевой стороне). Его можно называть без риска, если не сообщать дополнительные реквизиты.
3. **Номер расчетного счета** (20 цифр). Его можно найти в онлайн-банке или запросить в отделении. Для перевода также могут потребоваться реквизиты банка получателя (БИК, корреспондентский счет), которые не представляют угрозы.

**«Ключом к деньгам»** считаются конфиденциальные данные, которые не следует сообщать:
- Срок действия карты, три цифры с обратной стороны (CVV/CVC).
- ПИН-код карты.
- Коды из банковских уведомлений.
- Логин и пароль от онлайн-банка или мобильного приложения.

Настоящий банк никогда не запросит такие данные. Если их требуют — это мошенничество."
320,"Какие цифровые условия нужны для дистанционного получения страхового возмещения по вкладам, а также для оформления социального вклада?","Для дистанционного получения страхового возмещения по вкладам и оформления социального вклада требуются следующие цифровые условия:

1. **Для получения страхового возмещения:**
   - Подтвержденная учетная запись на портале **Госуслуги**.
   - **Усиленная электронная подпись**, оформленная через приложение **Госключ**.

2. **Для оформления социального вклада:**
   - Подтвержденная учетная запись на **Госуслугах**.
   - Возможность оформить договор через личный кабинет на портале.
   - Электронная подпись для заверения договора.

Если у вас нет учетной записи на Госуслугах, её можно создать через мобильный или онлайн-банк, а также с помощью МФЦ."
321,"Почему быстрая продажа квартиры, купленной по субсидированной ставке от застройщика, осложняется при разводе?","Продажа квартиры, купленной по субсидированной ставке от застройщика, может осложниться при разводе по нескольким причинам:

1. **Высокая стоимость недвижимости**: Квартира, купленная по субсидированной ставке, обычно стоит дороже аналогичной без акции. Это связано с тем, что застройщик компенсирует банку разницу между рыночной ставкой и льготной, увеличивая цену жилья. В результате при продаже супруги могут столкнуться с тем, что рыночная стоимость квартиры не покроет сумму, вложенную в нее, особенно если продажа происходит вскоре после покупки.

2. **Долгосрочные обязательства**: Из-за более высокой стоимости квартиры сумма ипотечного кредита также увеличивается. Это означает, что супругам придется гасить кредит дольше, чем планировалось, а переплата по процентам будет выше. При разводе это может усложнить раздел долга и имущества, так как банк может требовать согласования любых сделок с залоговым имуществом.

3. **Ограничения по продаже**: Если квартира находится в залоге у банка (что typical для ипотеки), продать ее без согласия кредитора невозможно. Супругам придется согласовывать с банком раздел недвижимости и долга, что может занять время и усложнить процесс.

4. **Риски, связанные с обременением**: Если в квартире есть несовершеннолетние собственники (например, дети), продажа возможна только с разрешения органов опеки, что также усложняет и замедляет процесс.

Таким образом, субсидированная ставка от застройщика может сделать продажу квартиры менее выгодной и более сложной, особенно в условиях развода."
322,В каких случаях действует госстрахование вкладов?,"Государственная система страхования вкладов (ССВ) действует в следующих случаях:

1. **Страховые случаи**:
   - Отзыв лицензии у банка, входящего в ССВ.
   - Введение моратория на удовлетворение требований кредиторов.

2. **Защищаемые счета и вклады**:
   - Именные вклады и счета физических лиц, включая ИП, россиян и иностранцев.
   - Срочные и вклады до востребования (включая валютные).
   - Текущие счета для расчетов по банковским картам.
   - Именные сберегательные сертификаты.
   - Номинальные счета опекунов и попечителей, открытые для подопечных.
   - Расчетные и депозитные счета ИП.
   - Счета малых и средних предприятий, зарегистрированных в едином реестре.
   - Счета профсоюзов, социальных НКО, адвокатов и нотариусов.

3. **Лимит выплат**:
   - Максимальная сумма возмещения — **1,4 млн рублей** по всем счетам и вкладам в одном банке.
   - В некоторых случаях (например, счета эскроу для покупки недвижимости) возможна повышенная выплата — до **10 млн рублей**.

4. **Условия**:
   - Банк должен быть участником ССВ (проверьте на сайте Банка России).
   - Средства должны быть на именных счетах (не на предъявителя, не в доверительном управлении и т. д.).

Если у банка отозвана лицензия, Агентство по страхованию вкладов (АСВ) выплачивает компенсацию в установленных пределах."
323,"Как понять, что страница оплаты фишинговая при онлайн‑покупках или оплате «налога» из вакансии?","Чтобы распознать фишинговую страницу оплаты при онлайн-покупках или оплате «налога» из вакансии, обратите внимание на следующие признаки:

1. **Адресная строка и защита соединения**:
   - Убедитесь, что адрес сайта начинается с **https://** (а не просто http) и есть значок закрытого замка. Это означает, что соединение защищено, но не гарантирует, что сайт законный.
   - Проверьте адрес вручную: мошенники часто используют похожие, но неверные доменные имена (например, `amazon-shop.ru` вместо `amazon.ru`).

2. **Логотипы платежных систем**:
   - На странице оплаты должны быть логотипы **MasterCard SecureCode, Visa Secure или Mir Accept**. Если их нет, это повод насторожиться.

3. **Перенаправление на страницу банка**:
   - После ввода данных карты вас должно перенаправить на официальную страницу банка для подтверждения платежа через **одноразовый код (СМС)**. Если код запрашивается на самой странице оплаты — это фишинг.

4. **Дизайн и ошибки**:
   - Внимательно изучите текст и оформление сайта. Фишинговые страницы часто содержат грамматические ошибки, некорректные изображения или нелогичные элементы.

5. **Отзывы и проверка сайта**:
   - Перед оплатой поищите отзывы о сайте в интернете. Если их нет или они подозрительные — лучше воздержаться от платежа.

6. **Необычные требования**:
   - Если вам предлагают оплатить «налог», «сертификат» или «доступ к вакансиям» через подозрительную ссылку — это почти наверняка мошенничество.

Если что-то вызывает сомнения, лучше отменить платеж и проверить информацию через официальные каналы."
324,Какой формат бизнеса выбрать для ограничения личной ответственности при работе с НДС?,"Для ограничения личной ответственности при работе с НДС лучше всего подходит форма **юридического лица (ООО)**. Вот почему:

1. **Ограниченная ответственность**: По долгам ООО отвечает только имуществом организации, а не личным имуществом учредителей. Это защищает ваши личные активы в случае финансовых проблем бизнеса (если, конечно, убытки не связаны с вашей личной виной, доказанной в суде).

2. **Работа с НДС**: ООО может применять общую систему налогообложения (ОСНО), что позволяет использовать вычеты по НДС, уплаченному поставщикам. Это снижает налоговую нагрузку.

3. **Гибкость в налогообложении**: ООО может выбрать и другие системы (например, УСН), но если бизнес связан с НДС, ОСНО будет оптимальным вариантом.

**Альтернативы (но с ограничениями):**
- **ИП**: Отвечает личным имуществом по долгам бизнеса. Может работать с НДС, но только при доходе свыше 60 млн рублей в год, что усложняет налогообложение.
- **Самозанятые**: Не могут работать с НДС, так как эта система налогообложения для них недоступна.

**Вывод**: Если вам важно ограничить личную ответственность и работать с НДС, выбирайте **ООО**."
325,Почему начинать копить раньше выгоднее?,"Начинать копить раньше выгоднее по нескольким причинам:

1. **Меньшие ежемесячные отчисления** – чем раньше вы начнете откладывать, тем меньше сумма, которую нужно вносить регулярно. Например, если Антон начнет копить на дополнительную пенсию в 35 лет, ему нужно будет откладывать 12 000 рублей в месяц, а если начнет в 40 лет – уже 16 000 рублей, а в 45 лет – 20 000 рублей.

2. **Эффект сложного процента** – чем дольше деньги лежат на счете, тем больше времени у них есть для роста. Даже небольшие проценты, начисленные на накопления, со временем значительно увеличат их сумму.

3. **Защита от инфляции** – если просто хранить деньги дома, их реальная стоимость будет снижаться из-за инфляции. Вложив средства в финансовые инструменты (например, вклады, облигации или накопительные счета), можно не только сохранить, но и приумножить сбережения.

4. **Гибкость в выборе инструментов** – чем раньше вы начнете копить, тем больше у вас будет времени для выбора подходящих финансовых решений, включая долгосрочные вклады, инвестиции или пенсионные программы.

Таким образом, раннее начало накоплений позволяет достичь финансовых целей с меньшими усилиями и снижает риски, связанные с инфляцией и экономическими колебаниями."
326,Чем государственные гарантии по вкладам отличаются от защиты пенсионных накоплений в НПФ?,"Государственные гарантии по вкладам и защита пенсионных накоплений в НПФ имеют ключевые различия:

1. **Объем компенсации**:
   - По вкладам в банках государство гарантирует возврат до 1,4 млн рублей (на 2024 год) в рамках системы страхования вкладов.
   - Для пенсионных накоплений в НПФ лимит компенсации выше — до 2,8 млн рублей, включая инвестиционный доход.

2. **Условия выплат**:
   - Вклады в банках возмещаются в полном объеме, если сумма не превышает лимит.
   - В НПФ компенсация покрывает только часть накоплений (до 2,8 млн рублей), а остаток может быть утерян.

3. **Статус получателя**:
   - Для вкладчиков банков компенсация выплачивается независимо от их возраста или статуса.
   - В НПФ размер и порядок выплат зависят от того, начал ли человек получать пенсию или еще копит.

4. **Инвестиционный доход**:
   - По вкладам доход не гарантируется, так как он зависит от условий договора.
   - В НПФ инвестиционный доход застрахован, но только в пределах 2,8 млн рублей.

5. **Наследование**:
   - Вклады в банках могут быть унаследованы, если вкладчик умер.
   - Пенсионные накопления в НПФ могут передаваться по наследству, но условия зависят от договора.

Таким образом, защита пенсионных накоплений в НПФ более гибкая и ориентирована на долгосрочное накопление, но с ограничениями по сумме."
327,"Почему опасно переходить по ссылкам из напоминаний о продлении ОСАГО, а также из переписки с «работодателем»?","Переходить по ссылкам из напоминаний о продлении ОСАГО и из переписки с «работодателем» опасно по нескольким причинам:

1. **Фишинговые сайты**. Мошенники могут создать поддельные сайты, имитирующие официальные страницы страховых компаний или работодателей. Эти сайты собирают личные данные, включая номера карт, пароли и другую конфиденциальную информацию.

2. **Вирусы и вредоносное ПО**. Ссылки могут вести на зараженные ресурсы, где при переходе автоматически скачивается вредоносное ПО. Оно может украсть данные с устройства, включая доступ к банковским счетам и личным аккаунтам.

3. **Подмена данных**. В сообщениях могут быть указаны реальные данные (например, номер автомобиля или имя работодателя), чтобы вызвать доверие. Однако ссылки ведут на фишинговые ресурсы, а не на официальные.

4. **Взлом аккаунтов**. Если сообщение пришло якобы от работодателя, его аккаунт мог быть взломан. Мошенники используют его для распространения вредоносных ссылок.

**Как защититься:**
- Проверяйте адресную строку сайта перед вводом данных.
- Вручную вводите адреса официальных сайтов или используйте закладки.
- Не переходите по ссылкам из подозрительных писем, даже если они кажутся знакомыми.
- Устанавливайте антивирусные программы и регулярно их обновляйте."
328,Каковы лимиты страховой защиты вкладов против НПФ?,"Лимиты страховой защиты для вкладов и пенсионных накоплений в НПФ различаются:

1. **Банковские вклады**:
   - Максимальная компенсация — **1,4 млн рублей** (включая проценты).
   - В некоторых случаях АСВ может выплатить до **10 млн рублей** (например, при банкротстве банка с участием государства).

2. **Пенсионные накопления в НПФ**:
   - Гарантированная сумма — **2,8 млн рублей** (включая взносы и инвестиционный доход).
   - Если НПФ обанкротится, АСВ переведет средства в другой фонд или выплатит компенсацию.
   - При получении пенсии выплаты продолжатся, но их размер не превысит **четырех социальных пенсий по старости**.

Если у вас есть дополнительные вопросы, уточните их!"
329,Когда регулятор выберет санацию вместо отзыва лицензии?,"Регулятор выберет санацию вместо отзыва лицензии в следующих случаях:

1. **Социальная значимость компании** – если страховщик важен для региона или всей страны, например, занимается обязательными видами страхования (ОСАГО, страхование ответственности застройщиков).
2. **Риски для финансового рынка** – если банкротство компании может привести к системным проблемам или социальной напряженности.
3. **Возможность восстановления** – если у страховщика есть шанс исправить финансовое положение при поддержке регулятора, а собственники готовы вкладывать дополнительный капитал.
4. **Отсутствие грубых нарушений** – если компания не допускала систематические или серьезные нарушения, требующие немедленного отзыва лицензии.

В таких случаях Банк России инициирует процедуру санации, а клиенты страховщика могут не беспокоиться – их договоры остаются в силе."
330,Когда имеет смысл открывать ИИС и какой минимальный срок нужен для ИИС-3?,"Открывать ИИС имеет смысл, если вы планируете долгосрочные инвестиции и хотите воспользоваться налоговыми льготами. Для ИИС-3 минимальный срок владения зависит от года открытия счета:

- **2024–2026 годы** — не менее 5 лет;
- **2027 год** — 6 лет;
- **2028 год** — 7 лет;
- **2029 год** — 8 лет;
- **2030 год** — 9 лет;
- **С 2031 года** — 10 лет.

Если закрыть ИИС-3 раньше установленного срока, придется вернуть налоговые вычеты и заплатить налог с дохода. Исключение — вывод средств на дорогостоящее лечение, при условии перевода на счет медицинской организации.

Также важно учитывать, что для ИИС-1 и ИИС-2 минимальный срок владения составляет **3 года**, чтобы сохранить право на налоговые льготы."
331,"Кто имеет право на кредитные каникулы из‑за мобилизации, какой срок перерыва предусмотрен?","На кредитные каникулы из-за мобилизации имеют право следующие категории:

1. **Участники специальной военной операции (СВО)** и члены их семей:
   - Супруги.
   - Несовершеннолетние дети и дети до 23 лет, обучающиеся очно.
   - Дети-инвалиды (если инвалидность присвоена до 18 лет).
   - Близкие, находящиеся на иждивении мобилизованного.
   - Созаемщики участника СВО или членов его семьи.

2. **Индивидуальные предприниматели (ИП)**, мобилизованные или добровольцы, а также владельцы малого и среднего бизнеса, если единственный учредитель и руководитель призван по мобилизации.

**Срок кредитных каникул:**
- На весь период мобилизации, службы по контракту или участия в СВО **плюс 180 дней**.
- Если мобилизованный демобилизован из-за травм или ранений, каникулы продлеваются на срок стационарного лечения.
- Если военнослужащего признали пропавшим без вести, каникулы действуют до отмены этого решения или объявления о гибели.

**Важно:**
- Кредитный договор должен быть заключен **до мобилизации** (для добровольцев — до подписания контракта).
- Заявление на каникулы можно подать в любой момент действия кредитного договора, но не позднее **31 декабря 2025 года**.
- Документы можно предоставить позже — в течение 180 дней после демобилизации."
332,Как подготовиться к ежегодным тратам без стресса?,"Чтобы подготовиться к ежегодным тратам без стресса, следуйте этим советам:

1. **Составьте план расходов**
   Заранее определите, на что будут потрачены деньги (например, подарки, праздничный стол, развлечения). Разделите сумму на категории и установите лимиты для каждой. Это поможет избежать импульсных покупок.

2. **Откладывайте деньги заранее**
   Начните копить на предстоящие траты за несколько месяцев. Например, если знаете, что в декабре будут большие расходы, откладывайте понемногу каждый месяц.

3. **Используйте финансовые приложения**
   Сервисы для учета доходов и расходов помогут контролировать бюджет. В них можно фиксировать трат, устанавливать лимиты и отслеживать динамику.

4. **Сравнивайте цены и избегайте предпраздничных ловушек**
   Перед покупками проверяйте стоимость товаров заранее, чтобы не попасться на завышенные цены перед праздниками. Не ведитесь на «горящие» акции — часто это просто маркетинговый ход.

5. **Планируйте заранее**
   Если речь идет о отпуске или крупных покупках, бронируйте билеты и жилье заранее. Это поможет сэкономить и избежать переплат в последний момент.

6. **Определите сумму на непредвиденные расходы**
   Заранее решите, сколько готовы потратить на спонтанные покупки, и не выходите за этот лимит.

7. **Анализируйте прошлые ошибки**
   После праздников проанализируйте, на что ушли деньги, и что можно было бы сделать иначе. Это поможет избежать повторения ситуации в будущем.

Следуя этим рекомендациям, вы сможете контролировать расходы и избежать финансового стресса."
333,"Что мешает оплате картой в России, если SWIFT не помеха?","В России оплата картами не зависит от системы SWIFT, так как для внутренних операций используется Национальная система платежных карт (НСПК). Однако возможны проблемы в следующих случаях:

1. **Оплата картами банков под санкциями** – если карта выпущена банком, попавшим под санкции, могут возникнуть сложности при оплате за рубежом или в иностранных интернет-магазинах.
2. **Использование Apple Pay, Google Pay и других иностранных сервисов** – если карта привязана к банку под санкциями или если платежный терминал/интернет-магазин обслуживается санкционным банком, оплата может не пройти. В таких случаях лучше использовать саму карту, а не мобильные сервисы.
3. **Ограничения на международные платежи** – при оплате за рубежом могут быть лимиты (например, до 10 000 долларов в месяц), а также возможны блокировки карт международных платежных систем, если они приостановили обслуживание российских карт.

Внутри России все карты (включая международные) работают через НСПК, поэтому основные операции (оплата в магазинах, снятие наличных, переводы) остаются доступными."
334,Что выбрать для закрытия кассового разрыва: факторинг или краудлендинг?,"Для закрытия кассового разрыва можно рассмотреть оба варианта, но их подходы и условия различаются.

**Факторинг** подходит, если у вас есть дебиторская задолженность (например, клиенты оплачивают товары или услуги с отсрочкой). В этом случае факторинговая компания выкупает ваши счета и выплачивает вам деньги сразу, а клиент оплачивает её позже. Преимущества:
- Не требует залога (залогом выступает будущая выручка).
- Позволяет масштабировать оборот, так как финансирование растёт вместе с продажами.
- Удобен для бизнеса с отсрочкой платежей.

**Краудлендинг** — это заём у инвесторов через онлайн-площадки. Подходит, если вам нужны деньги на короткий срок (недели или месяцы) для пополнения оборотных средств, закупки товаров или оборудования. Преимущества:
- Не требует выпуска облигаций.
- Можно привлечь средства без залога.

**Выбор зависит от вашей ситуации:**
- Если у вас есть дебиторская задолженность, факторинг может быть более быстрым и удобным решением.
- Если вам нужны деньги на общие нужды (например, аренду, зарплату), но нет дебиторки, краудлендинг может быть подходящим вариантом.

Оба способа позволяют избежать кредитов и не требуют залога, но факторинг напрямую связан с вашими продажами, а краудлендинг — с привлечением заёмных средств."
335,"Что делать, если из‑за ошибки в НСИС не получается купить ОСАГО онлайн?","Если из-за ошибки в Национальной страховой информационной системе (НСИС) не удается купить ОСАГО онлайн, следуйте этим шагам:

1. **Проверьте данные в НСИС**
   - Зайдите в личный кабинет на сайте НСИС и убедитесь, что все ваши полисы за последние 10 лет отражены корректно.
   - Проверьте количество страховых случаев и коэффициент бонус-малус (КБМ).

2. **Обратитесь к страховщику**
   - Если в данных есть ошибки (например, неверный КБМ или чужие ДТП), напишите заявление в страховую компанию, которая выписывала проблемный полис.
   - Страховщик обязан проверить информацию и исправить ее в течение 15 рабочих дней.

3. **Сообщите в НСИС**
   - Если в базе нет ваших полисов или есть лишние договоры, нажмите в личном кабинете НСИС кнопку **«Сообщить об ошибке в данных»** и выберите обращение в НСИС.
   - Опишите проблему подробно (например, укажите данные неучтенных полисов). НСИС проверит информацию и исправит ее в течение 30 дней.

4. **Попробуйте оформить полис в офисе**
   - Если онлайн-оформление не работает, посетите офис страховой компании. Менеджер должен помочь исправить данные и оформить полис.

5. **Обратитесь в контролирующие органы**
   - Если страховщик отказывается исправлять ошибки, подавайте претензию в Российский союз автостраховщиков (РСА), Банк России или суд.

Если ошибка в НСИС мешает оформить ОСАГО, страховщик не вправе отказать в продаже полиса. Убедитесь, что данные исправлены, и попробуйте оформить страховку повторно."
336,Можно ли продать ипотечную квартиру без согласия банка?,"Нет, продать ипотечную квартиру без согласия банка нельзя. Ипотечная недвижимость находится в залоге у банка, и без его разрешения Росреестр не зарегистрирует переход права собственности. Банк обычно одобряет продажу в двух случаях: либо по итогу сделки долг по кредиту будет полностью закрыт, либо его возьмет на себя покупатель.

Если банк откажет в согласии, сделка не состоится. В некоторых случаях можно попробовать освободить квартиру от залога, например, если покупатель внесет аванс на сумму долга, но это рискованная схема и требует согласования с банком."
337,С какого возраста ребенок может совершать мелкие покупки самостоятельно?,"Согласно Гражданскому кодексу, дети могут совершать мелкие покупки самостоятельно начиная с **6 лет**. В этом возрасте они уже могут делать небольшие покупки, например, в магазине, и использовать привязанные к родительскому счету банковские карты с установленными лимитами.

Банки обычно выпускают дополнительные карты для детей с 6–7 лет, привязывая их к счету родителей. Родители могут устанавливать лимиты на траты, чтобы контролировать расходы ребенка."
338,"Что произойдет с вашими деньгами при отзыве лицензии банка по вкладу, оформленному через маркетплейс, в отличие от ситуации с векселем?","Если у банка отзовут лицензию, то в случае с **вкладом, оформленным через маркетплейс**, вы получите компенсацию от Агентства по страхованию вкладов (АСВ) в размере до **1,4 млн рублей** (включая проценты). Маркетплейс автоматически перечислит эту сумму на ваш счет в другом банке, что упрощает процесс возврата средств.

В отличие от этого, **вексель не застрахован** государством. Если банк, выпустивший вексель, лишится лицензии, вы попадете в последнюю очередь кредиторов. В этом случае вам придется ждать, пока имущество банка будет распродано, и только тогда (если останутся деньги) вы сможете вернуть свои средства. При этом доход по векселю облагается налогом в 13%.

Таким образом, вклад через маркетплейс защищен страховкой, а вексель — нет."
339,Как совместить выплаты по автокредиту с созданием подушки безопасности?,"Чтобы совместить выплаты по автокредиту с созданием финансовой подушки безопасности, следуйте этим рекомендациям:

1. **Оцените свои возможности**
   - Рассчитайте, какую сумму вы можете выделять на кредитные платежи, чтобы они не превышали 30% от ежемесячного дохода.
   - Убедитесь, что после выплат у вас остаются средства на текущие расходы (коммунальные платежи, продукты, транспорт и т. д.).

2. **Создайте финансовую подушку**
   - Начните откладывать от 3 до 6 месячных доходов на случай непредвиденных обстоятельств.
   - Откройте вклад до востребования или с возможностью частичного снятия, чтобы деньги были доступны в любой момент.

3. **Оптимизируйте бюджет**
   - Сократите ненужные расходы (например, кофе навынос, подписки, которые не используете).
   - Ищите дополнительные источники дохода (сверхурочная работа, фриланс, продажа ненужных вещей).

4. **Используйте досрочные платежи**
   - Если есть возможность, вносите дополнительные платежи, чтобы сократить срок кредита или уменьшить ежемесячные выплаты.
   - Это позволит быстрее избавиться от долга и освободить средства для накоплений.

5. **Застрахуйте риски**
   - Рассмотрите страхование жизни и здоровья, особенно если кредит большой и срок выплат длительный.
   - Это защитит вас от финансовых трудностей в случае форс-мажора.

Следуя этим шагам, вы сможете выплачивать автокредит, не жертвуя финансовой стабильностью, и постепенно формировать резервный фонд."
340,Что делать при подозрении на нелегального ломбарда?,"Если вы подозреваете, что ломбард работает нелегально, выполните следующие шаги:

1. **Проверьте реестр Банка России** – убедитесь, что организация входит в официальный список ломбардов. Если её там нет, это повод насторожиться.

2. **Проверьте маркировку в поисковых системах** – в выдаче «Яндекса» легальные ломбарды помечены синим кружком с галочкой и надписью «ЦБ РФ».

3. **Изучите документы** – если вместо залогового билета вам предлагают подписать договор комиссии, купли-продажи или другой документ, это признак нелегальной деятельности.

4. **Проверьте условия** – если в офисе компании условия отличаются от тех, что указаны на сайте или по телефону, это может быть мошенничество.

5. **Пожаловаться в Банк России** – если ломбард пытается заключить сделку на незаконных условиях, можно обратиться в интернет-приемную ЦБ РФ.

6. **Сравните предложения** – выбирайте ломбарды, которые давно работают на рынке, и изучайте отзывы о них.

Если организация не соответствует этим критериям, лучше отказаться от сотрудничества."
341,"Какой уровень рейтинга выбрать для страховщика, чтобы снизить риск нестабильности?","Для снижения риска нестабильности при выборе страховщика рекомендуется ориентироваться на кредитный рейтинг не ниже уровня **«А–»**. Это минимальный уровень, который гарантирует, что банк обязан принять полис, даже если страховая компания не является партнером банка.

Кроме того, для долгосрочных вложений, таких как накопительное страхование жизни или договоры с негосударственными пенсионными фондами (НПФ), стоит выбирать страховщиков с рейтингом **не ниже «ВВВ»**. Это повышает надежность компании и снижает риски.

Также важно учитывать другие критерии, такие как наличие лицензии, финансовую устойчивость (отношение собственного капитала к обязательствам) и репутацию компании. Эти данные можно найти на сайтах регуляторов, таких как Банк России, или на страницах рейтинговых агентств."
342,Как участие банка в продаже страховки отражается на цене?,"Участие банка в продаже страховки может существенно повлиять на её стоимость. Вот как это происходит:

1. **Комиссия банка**: Банк часто выступает агентом страховой компании и берет комиссию за свои услуги. Из-за этого страховка через банк может обходиться дороже, чем если оформить её напрямую у страховщика.

2. **Коллективные страховки**: Банки нередко предлагают заемщикам присоединиться к коллективному договору страхования, который они заранее заключили со страховщиком. За подключение к такой программе банк может взять комиссию, достигающую 80% от стоимости услуги. Эта комиссия не возвращается при досрочном погашении кредита.

3. **Отсутствие возврата комиссии**: Если вы расторгнете договор страхования, банк не обязан возвращать свою комиссию, даже если страховщик вернет часть стоимости полиса.

4. **Сравнение условий**: Чтобы сэкономить, стоит сравнить предложения разных страховщиков, которые принимает банк, и выбрать наиболее выгодный вариант.

Таким образом, участие банка в продаже страховки обычно увеличивает её стоимость за счет комиссий, которые не возвращаются."
343,Как статус МФО влияет на шанс вернуть вложения при банкротстве организации?,"Статус микрофинансовой организации (МФО) существенно влияет на шансы вернуть вложенные средства при её банкротстве.

1. **Микрокредитные компании (МКК)** – небольшие МФО, которые не могут привлекать деньги частных лиц, за исключением их владельцев или учредителей. Недобросовестные МКК иногда предлагают приобрести акции или доли за символическую сумму, чтобы привлечь инвесторов. Однако при банкротстве такие совладельцы получают выплаты в последнюю очередь, а собственный капитал МКК обычно недостаточен для покрытия всех долгов. Вероятность вернуть деньги в этом случае крайне низкая.

2. **Микрофинансовые компании (МФК)** – крупные МФО с собственным капиталом не менее 70 млн рублей. Они имеют право принимать инвестиции от частных лиц (от 1,5 млн рублей). При банкротстве МФК у инвесторов есть шанс вернуть хотя бы часть вложений, так как у таких организаций больше активов. Однако и в этом случае выплаты могут быть ограничены (например, не более 3 млн рублей без процентов).

Таким образом, инвестиции в МФК более защищены, чем в МКК, но и они не гарантируют полного возврата средств. В обоих случаях вложения не защищены системой страхования вкладов, и шансы на возврат зависят от финансового состояния организации."
344,"Как при расчете ПДН учитывают кредит, где вы созаемщик, по сравнению с кредитом, где вы поручитель?","При расчете ПДН кредит, где вы **созаемщик**, учитывается иначе, чем кредит, где вы **поручитель**. Вот ключевые различия:

1. **Созаемщик**:
   - Банк считает, что оба созаемщика несут равную ответственность за кредит, даже если на самом деле платежи вносит только один.
   - Платеж по кредиту делится между созаемщиками пропорционально их доходам. Например, если ваш доход 40 000 ₽, а доход созаемщика 60 000 ₽, то из ежемесячного платежа 10 000 ₽ вам будет ""вменено"" 4000 ₽ (40 000 / (40 000 + 60 000) × 10 000).
   - Эта сумма включается в ваш общий ежемесячный платеж при расчете ПДН.

2. **Поручитель**:
   - Платежи по кредиту учитываются в вашем ПДН **только если** основной заемщик перестал платить, и долг перешел к вам.
   - Пока заемщик исправно вносит платежи, этот кредит не влияет на ваш ПДН.

Таким образом, кредит с созаемщиком всегда учитывается в ПДН, а кредит с поручительством — только в случае просрочки."
345,"Что делать, если требуют оплатить кредит, которого вы не оформляли?","Если вам требуют оплатить кредит, которого вы не оформляли, действуйте следующим образом:

1. **Напишите заявление кредитору**
   Обратитесь в банк, МФО или КПК, где якобы оформлен кредит, и напишите заявление, что вы договор не заключали и денег не получали. Укажите, что подпись в договоре подделана или идентификация пройдена не вами. Если паспорт был украден, приложите копию справки из полиции. Потребуйте провести внутреннее расследование и прекратить требовать долг.

2. **Подайте заявление в полицию**
   Напишите заявление о мошенничестве, приложив копии документов от кредитора и справку об утере паспорта (если он был украден). Это поможет полиции вычислить злоумышленников.

3. **Проверьте кредитную историю**
   Через месяц после первого запроса проверьте свою кредитную историю. Если обнаружены другие неоформленные вами долги, повторите процедуру оспаривания с другими кредиторами.

4. **Обратитесь в суд, если кредитор отказывается списывать долг**
   Если кредитор не реагирует на ваши заявления, соберите все документы и подавайте иск. В суде ссылайтесь на то, что договор заключен мошенником. Суд может назначить графологическую экспертизу для проверки подписи.

5. **Пожаловаться в Банк России**
   Если кредитор игнорирует ваши требования, жалуйтесь в интернет-приемную Банка России, приложив ответ кредитора.

6. **Свяжитесь с коллекторами (если они вас беспокоят)**
   Напишите заявление коллекторской компании, потребовав исключить ваш номер из списка контактов должников и прекратить звонки. Напомните, что они нарушают закон, сообщая о чужом долге.

Если все меры не помогли, продолжайте настаивать на своей позиции через суд и регуляторные органы."
346,Зачем предпринимателю нужен бизнес-план при привлечении денег через инвестплатформы или биржу?,"Бизнес-план при привлечении денег через инвестплатформы или биржу нужен для нескольких ключевых целей:

1. **Убеждение инвесторов** – он демонстрирует, что проект перспективен, имеет четкую стратегию развития и способен принести доход. Это помогает привлечь внимание потенциальных инвесторов и убедить их вложить средства.

2. **Проверка платформой** – инвестиционные платформы тщательно анализируют документы компании, включая бизнес-план, чтобы оценить ее инвестиционную привлекательность, потенциал роста и способность вернуть вложенные средства.

3. **Четкое планирование** – бизнес-план позволяет предпринимателю детально просчитать финансовые показатели, сроки и риски, что повышает шансы на успешное привлечение финансирования.

4. **Составление инвестиционного предложения** – на основе бизнес-плана формируется инвестиционный меморандум, где указываются стратегия, планы по возврату средств и другие важные детали для инвесторов.

Таким образом, бизнес-план служит важным инструментом для привлечения инвестиций, повышая доверие как со стороны платформы, так и со стороны инвесторов."
347,Как инвестору распорядиться замороженными паями ПИФов в 2024 году?,"В 2024 году инвесторам, у которых есть замороженные паи ПИФов, доступны несколько вариантов для их распоряжения:

1. **Участие в аукционе по продаже заблокированных активов**:
   - В июле 2024 года планируется проведение аукциона, где российские инвесторы смогут продать заблокированные ценные бумаги, а иностранные — их купить.
   - К торгам допускаются акции, депозитарные расписки и паи иностранных ETF. Полный список доступен на сайте Инвестиционной палаты.
   - Один инвестор может выставить на продажу активы на сумму до 100 000 рублей.
   - Для участия нужно подать заявку через брокера, доверительного управляющего или управляющую компанию (УК) ПИФа. Отозвать заявку нельзя.
   - Продажа не гарантирована: активы объединяются в лоты, и не все из них могут быть выкуплены.

2. **Автоматическое преобразование ПИФов**:
   - Управляющие компании (УК) должны определить судьбу замороженных ПИФов до 16 июня 2024 года.
   - Инвесторы увидят изменения в своих портфелях к октябрю 2024 года. Обновления происходят автоматически.
   - УК сообщают о выбранном варианте преобразования на своих сайтах или через официальные каналы связи (для квалифицированных инвесторов).

3. **Перевод активов в амортизированные ЗПИФы (ЗПИФ-А)**:
   - Банк России предложил УК переводить замороженные активы в новые ЗПИФ-А, чтобы освободить прежние ПИФы и возобновить их работу.
   - Это позволяет инвесторам постепенно восстанавливать доступ к своим активам.

4. **Поиск покупателя вне биржи**:
   - Если инвестор не хочет ждать аукциона или преобразования ПИФов, он может самостоятельно искать покупателя для заблокированных паев, но это может потребовать продажи по сниженной цене.

Важно: иностранные ETF, управляемые зарубежными компаниями, не подпадают под российские механизмы разморозки, так как их УК следуют указаниям своих регуляторов."
348,"Сколько можно вернуть по ИИС при открытии до конца года, с каким сроком перечисляют деньги через ФНС?","По ИИС можно вернуть налоговый вычет в зависимости от типа счета:

1. **ИИС-1 (вычет на взносы)**:
   - Максимальная сумма взносов для вычета — **400 000 рублей в год**.
   - Возврат составит **13% от суммы взносов** (до **52 000 рублей** при ставке 13%) или **15%** (до **60 000 рублей**).
   - Если брокер или управляющий передает данные в ФНС, вычет приходит автоматически до **20 марта следующего года**. Остается только подписать заявление электронной подписью, и деньги поступят в течение **1 месяца**.
   - Если данные не передаются, нужно подать заявление в ФНС самостоятельно, и возврат займет до **4 месяцев**.

2. **ИИС-2 (вычет на доход)**:
   - Возврат налога с дохода возможен только при закрытии счета **не ранее чем через 3 года** после открытия.
   - Прибыль от инвестиций не облагается НДФЛ, но дивиденды налогом облагаются.

3. **ИИС-3 (новый тип счета)**:
   - Вычет на взносы — **400 000 рублей в год** (возврат 13–22% в зависимости от ставки НДФЛ).
   - Деньги перечисляются через ФНС в течение **1 месяца** после подачи заявления.

Если брокер не передает данные в ФНС, сроки возврата увеличиваются до **4 месяцев**."
349,Чем официальное измерение инфляции отличается от «индекса борща»?,"Официальное измерение инфляции и «индекс борща» различаются по нескольким ключевым аспектам:

1. **Состав корзины**:
   - Официальная инфляция рассчитывается на основе потребительской корзины, включающей около 500 товаров и услуг, которые Росстат определяет как наиболее востребованные для домохозяйств. В неё входят продукты, одежда, транспорт, ЖКХ, мебель, техника и даже корма для животных.
   - «Индекс борща» (или индекс оливье) фокусируется только на стоимости конкретного блюда или набора продуктов, например, картошки, капусты, моркови и других ингредиентов для борща.

2. **Методология расчёта**:
   - Официальная инфляция учитывает изменения цен на все товары и услуги в корзине с учётом их веса в общем бюджете домохозяйств. Например, если доля яиц в корзине мала, их рост цены не сильно повлияет на общий индекс.
   - «Индекс борща» отражает динамику цен только на определённые продукты, что может не совпадать с общей картиной инфляции.

3. **Цель и применение**:
   - Официальная инфляция используется для макроэкономического анализа, прогнозирования и принятия решений на государственном уровне.
   - «Индекс борща» и подобные индексы (например, индекс свидания или красной помады) создавались скорее для развлечения и демонстрации роста цен на конкретные товары, а не для точного измерения экономических процессов.

Таким образом, официальная инфляция даёт более комплексную и сбалансированную картину, в то время как «индекс борща» — это упрощённый и локальный показатель, который может не отражать реальную динамику цен в целом."
350,В каких схемах применяется номинальный счет?,"Номинальный счет применяется в нескольких схемах:

1. **Для детских социальных выплат и алиментов**
   - Опекуны, попечители, родители и усыновители открывают номинальный счет, чтобы получать государственные пособия, пенсии и алименты на ребенка.
   - Деньги на таком счете защищены от взысканий по долгам родителей, но их можно тратить только на нужды ребенка.

2. **Для привлечения инвестиций**
   - Инвестиционные платформы используют номинальные счета для сбора средств от инвесторов. Деньги с таких счетов распределяются строго по назначению: предпринимателям, инвесторам или платформе (в виде комиссии).

3. **Для управления средствами лиц, не способных ими распоряжаться**
   - Номинальный счет позволяет законным представителям (например, опекунам) управлять деньгами ребенка или другого лица, которое не может самостоятельно ими распоряжаться.

Если вам нужны дополнительные детали по конкретной схеме, уточните вопрос!"
351,Какие возможности дает 30 дней после оформления договора или POS-кредита?,"В течение 30 дней после оформления договора или POS-кредита у вас есть несколько важных возможностей:

1. **Досрочное погашение кредита без предупреждения**
   Вы можете полностью погасить кредит, не уведомляя заранее банк или МФО. В этом случае вам начислят проценты только за фактические дни использования кредита, а не за весь срок.

2. **Отказ от дополнительных услуг и страховок**
   В течение 30 дней вы можете отказаться от любых дополнительных услуг, оформленных вместе с кредитом (например, страховок, юридических консультаций и т. д.). Для этого нужно подать заявление поставщику услуги (страховой компании, юрфирме и т. п.). Если деньги не вернут в течение 7 рабочих дней, можно требовать возврата у банка или МФО.

3. **Возврат денег за ненужные услуги**
   Если вы отказались от дополнительных услуг, кредитор обязан вернуть вам потраченные на них средства. Для этого нужно приложить копии паспорта, договора и документов об оплате, а также указать банковские реквизиты для возврата.

4. **Изменение условий кредита при отказе от услуг**
   Если отказ от какой-то услуги повлияет на процентную ставку или другие условия кредита, банк или МФО обязаны заранее уведомить вас о последствиях.

Таким образом, 30-дневный период дает вам время на обдумывание решений и возможность избежать лишних расходов."
352,Когда стоит обратиться к финансовому консультанту вместо самостоятельного планирования?,"Обратиться к финансовому консультанту стоит в следующих случаях:

1. **Если финансовые вопросы кажутся сложными** – если вы не разбираетесь в управлении бюджетом, не понимаете, как оптимизировать расходы или выбрать подходящие финансовые инструменты (например, вклады, страховки, инвестиции).

2. **Для достижения сложных финансовых целей** – например, если вы хотите накопить на образование ребенка, дополнительную пенсию или крупную покупку, но не знаете, какие инструменты выбрать.

3. **Если нужна индивидуальная стратегия** – консультант может предложить решения, о которых вы не задумывались, учитывая ваши особенности (например, полис накопительного страхования жизни вместо банковского вклада).

4. **Для инвестиций на бирже** – если вы планируете вкладывать в ценные бумаги, нужен специалист с лицензией инвестиционного советника, который поможет подобрать активы, соответствующие вашему профилю.

5. **Если требуется профессиональная оценка рисков** – консультант учитывает налоги, инфляцию, комиссии и объясняет, какие инструменты дают право на налоговые вычеты.

Однако если вы готовы разобраться самостоятельно, можно составить финансовый план, используя пошаговые инструкции или приложения для учета доходов и расходов."
353,Чем для вкладчика отличается санация банка от отзыва лицензии?,"Для вкладчика санация банка и отзыв лицензии различаются следующим образом:

1. **Санация**:
   - Банк продолжает работать, и условия договоров (включая вклады и кредиты) остаются прежними.
   - Вкладчики и заемщики не теряют свои средства, а новые клиенты могут столкнуться с измененными условиями.
   - Банк проходит процесс финансового оздоровления, а его управление временно переходит под контроль регулятора (Банка России).
   - Санация применяется, если банк социально значим или его деятельность важна для региона/страны.

2. **Отзыв лицензии**:
   - Банк прекращает свою деятельность, и его лицензия аннулируется.
   - Вкладчикам компенсируются средства до 1,4 млн рублей через Агентство по страхованию вкладов (АСВ).
   - Управление банком переходит к АСВ, которое занимается возвратом средств клиентам.
   - Отзыв лицензии происходит, если банк не может исправить нарушения или его финансовое положение критично.

Таким образом, при санации вкладчики не теряют свои средства и условия договоров сохраняются, а при отзыве лицензии банк ликвидируется, и вкладчики получают компенсацию в рамках страхования."
354,Может ли просроченный микрозаем бесконечно расти из‑за пеней?,"Нет, просроченный микрозаем не может бесконечно расти из-за пеней. В соответствии с действующими правилами, общая сумма всех платежей (включая проценты, штрафы, пени и дополнительные услуги) не может превышать сумму займа более чем в 1,3 раза.

Например, если вы взяли 20 000 рублей, максимальная сумма к возврату составит 26 000 рублей (20 000 × 1,3), включая все начисления. Это правило действует для займов, оформленных после 1 июля 2023 года.

Для более коротких займов (до 10 000 рублей на срок до 15 дней) ограничения еще строже: общая сумма процентов и платежей за дополнительные услуги не должна превышать 1500 рублей (15% от суммы займа). Неустойка за просрочку ограничена 0,1% за каждый день задержки, но не более 20% годовых.

Таким образом, даже при длительной просрочке сумма долга не может вырасти бесконечно."
355,"Как поступить при требовании доплаты за ремонт по ОСАГО при оценке в пределах лимита, проверяя статус полиса через НСИС?","Если станция техобслужиживания (СТО) требует доплату за ремонт, но оценка ущерба страховой компанией укладывается в лимит возмещения по ОСАГО (400 000 рублей), вы не обязаны соглашаться.

1. **Проверьте полис через НСИС**:
   - Убедитесь, что полис действителен, правильно оформлен и соответствует данным вашего автомобиля. Для этого введите серию и номер полиса на сайте НСИС. Если полис не значится в системе, немедленно обратитесь в полицию и оформите новую страховку.

2. **Подайте жалобу в страховую компанию**:
   - Если СТО требует доплату, несмотря на то, что оценка страховщика укладывается в лимит, жалуйтесь в свою страховую компанию. Она должна урегулировать разногласия с СТО самостоятельно.

3. **Проверьте детали полиса**:
   - Даже если полис действителен, убедитесь, что в нем верно указаны данные автомобиля (например, мощность двигателя). Ошибки могут привести к заниженной стоимости страховки, что повлияет на размер компенсации.

4. **Действуйте в рамках закона**:
   - Если страховщик оценил ущерб дороже лимита ОСАГО (400 000 рублей), СТО может предложить доплату, но вы не обязаны соглашаться. В этом случае можно рассмотреть другие варианты, например, обратиться в суд.

Если у вас есть сомнения в подлинности полиса, проверьте его через НСИС и при необходимости оформите новый договор, чтобы избежать проблем в случае ДТП."
356,Почему вклад в банке предпочтительнее домашней копилки с точки зрения инфляции и сохранности денег?,"Вклад в банке предпочтительнее домашней копилки по нескольким ключевым причинам, связанным с инфляцией и сохранностью денег:

1. **Защита от инфляции**
   - Деньги на вкладе приносят проценты, которые помогают компенсировать потери от инфляции. Даже если проценты не всегда высоки, они позволяют сохранить покупательную способность накоплений.
   - В отличие от домашней копилки, где деньги просто лежат и теряют ценность из-за роста цен, вклад обеспечивает хотя бы минимальный доход.

2. **Гарантированная сохранность**
   - Вклады до 1,4 млн рублей (вместе с процентами) застрахованы государством. Это означает, что даже если банк обанкротится, вы получите свои деньги обратно в течение нескольких недель.
   - Домашняя копилка не защищена от краж, пожаров, стихийных бедствий и других рисков.

3. **Доступность и ликвидность**
   - Многие вклады позволяют снимать деньги без потерь (например, с опцией частичного снятия или срочные депозиты с возможностью досрочного закрытия).
   - В отличие от копилки, где деньги просто лежат, вклад можно оформить так, чтобы они приносили доход, но оставались доступными при необходимости.

4. **Контроль и планирование**
   - Банковские вклады помогают структурировать накопления: можно выбрать срок и условия, соответствующие вашим целям (например, на отпуск, ремонт или долгосрочные сбережения).
   - Домашняя копилка не дает такой гибкости и не стимулирует к осознанному планированию.

Таким образом, вклад в банке — это более надежный и выгодный способ хранения денег, чем копилка, особенно с учетом инфляции и рисков."
357,Почему снятие наличных с карты за границей обходится дорого?,"Снятие наличных с карты за границей обходится дорого из-за нескольких факторов:

1. **Комиссии банкоматов** – местные банки взимают комиссию в размере 1,5–3% от суммы, но не менее фиксированной суммы (обычно 3–5 долларов за операцию). Некоторые банкоматы даже списывают комиссию за просмотр баланса.

2. **Комиссии российского банка** – за снятие наличных в стороннем банкомате российские банки берут в среднем 1–2%.

3. **Конвертация валюты** – если карта рублевая, дополнительно взимается комиссия за обмен валюты (обычно 1,5–3%).

4. **Невыгодные мелкие суммы** – снятие небольших сумм (20–50 долларов/евро) особенно невыгодно, так как комиссия может достигать 25% от суммы.

5. **Ограничения и дополнительные сборы** – некоторые банкоматы устанавливают лимиты на снятие (например, 100 долларов за раз) и могут списывать дополнительные сборы.

В сумме комиссии могут составить от 1,5% до 10% от снятой суммы. Поэтому лучше снимать крупные суммы сразу или использовать карту для безналичных платежей."
358,Зачем ограничивать платежи по кредитам уровнем до 30% дохода?,"Ограничение платежей по кредитам уровнем до 30% дохода рекомендуется по нескольким ключевым причинам:

1. **Снижение риска просрочек** – Если на выплаты уходит более половины дохода, даже небольшие финансовые трудности (например, задержка зарплаты или неожиданные расходы) могут привести к просрочкам. Это негативно скажется на кредитной истории и может повлечь штрафы и пени.

2. **Финансовая стабильность** – При платежах в пределах 30% дохода у вас останется достаточно средств на текущие расходы (коммунальные платежи, продукты, транспорт и т. д.), а также на формирование финансовой подушки безопасности.

3. **Снижение долговой нагрузки (ПДН)** – Банки и МФО оценивают заемщиков по этому показателю. Если ПДН превышает 50%, кредиторы могут отказать в новом займе, так как высокий риск, что вы не справитесь с выплатами.

4. **Гибкость в бюджете** – Даже при стабильном доходе жизнь не всегда предсказуема. Резерв средств позволяет адаптироваться к изменениям (например, снижению зарплаты, декрету или крупным неожиданным тратам).

5. **Снижение переплаты** – Если платежи слишком высокие, есть риск, что в будущем придется рефинансировать кредит на менее выгодных условиях, что увеличит общую переплату.

Таким образом, соблюдение этого правила помогает избежать долговой ямы и поддерживать финансовую устойчивость."
359,Как соотносятся лимит сотрудников на УСН с критерием малого бизнеса по численности?,"Лимит сотрудников на упрощенной системе налогообложения (УСН) составляет **130 человек**, что строже, чем критерий малого бизнеса, который допускает **до 100 сотрудников**.

Таким образом, если у вас **до 100 сотрудников**, вы автоматически соответствуете критериям малого бизнеса, но при этом можете работать на УСН. Однако если численность сотрудников **от 101 до 130**, вы уже не относитесь к малому бизнесу, но все еще можете использовать УСН.

Если же у вас **более 130 сотрудников**, переход на УСН невозможен, и вам придется перейти на общий режим налогообложения."
360,"Каков максимальный срок кредитных каникул, какие лимиты по сумме действуют?","Максимальный срок кредитных каникул составляет **полгода** (6 месяцев). Это касается всех видов кредитов и займов, кроме ипотеки.

**Лимиты по сумме:**
- **Кредитные карты** – до 150 000 рублей.
- **Автокредиты** – до 1,6 млн рублей.
- **Другие потребительские кредиты и займы** – до 450 000 рублей.

Эти лимиты действуют для кредитов, оформленных до 1 марта 2022 года, а также для мобилизованных и участников СВО. В последнем случае каникулы могут продлеваться на время службы плюс 180 дней.

Если финансовое положение улучшится раньше окончания льготного периода, можно прервать каникулы в любой момент."
361,Как кредитные каникулы мобилизованного отражаются на созаемщике?,"Если мобилизованный заемщик оформляет кредитные каникулы, то все созаемщики автоматически получают отсрочку платежей на тот же срок. Это означает, что их обязательства по кредиту также приостанавливаются, и они не должны вносить платежи в период каникул.

Кроме того, для созаемщиков прекращается начисление штрафов и пеней, а сумма неустойки, если она уже накопилась, заморозят до окончания льготного периода. После завершения каникул созаемщики должны будут возобновить выплаты в соответствии с графиком, но без дополнительной переплаты, если речь идет о кредитах, по которым мобилизованные освобождаются от процентов.

Важно отметить, что пропуск платежей в период каникул не портит кредитную историю ни мобилизованного, ни созаемщиков."
362,"При какой сумме долгов выбирают внесудебное банкротство, а когда возникает обязанность подать в суд?","Внесудебное банкротство доступно, если сумма долгов составляет **от 25 000 до 1 000 000 рублей** (без учета штрафов, пеней и процентов за просрочку). При этом должны быть выполнены одно из следующих условий:
1. Судебные приставы завершили исполнительное производство без взыскания долга.
2. Кредиторы передали исполнительный лист более семи лет назад, но долг не погашен.
3. Вы получаете пенсию или пособия, у вас нет имущества, а взыскание длится больше года.

Если долги превышают **500 000 рублей** и нет возможности их погасить, вы обязаны подать заявление о банкротстве в суд в течение 30 рабочих дней. В остальных случаях банкротство возможно только через суд."
363,"Почему при перегретой экономике снижение ключевой ставки запускает инфляционную спираль, подрывая сбережения?","При перегретой экономике снижение ключевой ставки запускает инфляционную спираль по нескольким причинам:

1. **Рост спроса без роста предложения**
   Когда ключевая ставка снижается, кредиты становятся дешевле, и люди, а также компании начинают активно брать кредиты, увеличивая спрос на товары и услуги. Однако в перегретой экономике (где спрос уже высок, а ресурсы — ограничены) производство не успевает за этим ростом. В результате цены начинают расти быстрее, чем доходы, что ведет к инфляции.

2. **Конкуренция за ресурсы**
   Компании, получив доступ к дешевым кредитам, стремятся расширяться, но из-за нехватки рабочих рук и оборудования вынуждены переманивать сотрудников у конкурентов, предлагая более высокие зарплаты. Это создает гонку зарплат, повышает издержки и, как следствие, цены на товары и услуги.

3. **Обесценивание сбережений**
   При высокой инфляции доходы от вкладов (если ставки по ним не успевают за ростом цен) не компенсируют потерь. Люди начинают тратить сбережения быстрее, что еще больше усиливает инфляционное давление.

4. **Инфляционные ожидания**
   Если люди и компании ожидают, что цены будут расти, они ускоряют покупки, что дополнительно стимулирует рост цен. Это создает порочный круг: инфляция подталкивает к новым ценам, а новые цены — к еще большей инфляции.

Таким образом, в перегретой экономике снижение ключевой ставки не ведет к устойчивому росту, а лишь ускоряет инфляцию, подрывая покупательную способность сбережений."
364,Когда страховка действительно обязательна: при покупке билета или при оформлении кредита?,"Страховка действительно обязательна **только при оформлении кредита**, а именно:

1. **При ипотеке** – банк вправе требовать страхование заложенного имущества (недвижимости). Без этого кредит могут не одобрить.
2. **При автокредите** – страховка залогового имущества (автомобиля) может быть обязательной, но на практике банки иногда соглашаются выдать кредит и без неё.

При покупке билетов страховка **не является обязательной** – это добровольная услуга, которую можно оформить по желанию.

Если в контексте нет информации по конкретному вопросу, уточните детали, и я помогу найти ответ!"
365,"Сколько раз в год бесплатно можно получить кредитную историю, а где узнать, в каких БКИ она хранится?","По закону вы можете бесплатно получить кредитную историю **дважды в год** в каждом бюро кредитных историй (БКИ), где она хранится.

Чтобы узнать, в каких БКИ хранится ваша кредитная история, можно воспользоваться несколькими способами:

1. **Через портал «Госуслуги»**
   - Войдите в личный кабинет, выберите услугу «Получение информации о хранении вашей кредитной истории».
   - Для доступа понадобятся паспорт и СНИЛС.
   - Банк России отправит в ваш кабинет список всех БКИ с их названиями, адресами и контактами.

2. **На сайте Банка России**
   - Для запроса нужен код субъекта кредитной истории (есть в кредитном договоре или можно уточнить в банке/МФО).
   - Ответ придет в течение рабочего дня.

3. **Через телеграмму в Центральный каталог кредитных историй**
   - Ответ придет на указанный электронный адрес в течение трех дней.

После получения списка БКИ можно запросить кредитную историю напрямую у них — через сайт бюро, личный кабинет или другие доступные каналы."
366,"Какой уровень долговой нагрузки считается приемлемым, а какой — критическим для заемщика?","Для заемщика уровень долговой нагрузки (ПДН) оценивается следующим образом:

- **Приемлемый уровень**: Не более 30% ежемесячного дохода. При таком ПДН риск просрочек минимален, и банки, как правило, одобряют кредиты на выгодных условиях.
- **Средний уровень (30–50%)**: Занять деньги сложнее, но шансы есть. Банки могут предложить более высокие процентные ставки или ужесточить условия.
- **Критический уровень (50% и выше)**: Велика вероятность проблем с погашением, особенно при временных финансовых трудностях. Банки могут отказать в кредите или предложить невыгодные условия.
- **Очень высокий уровень (80% и более)**: Кредиторы, скорее всего, откажут, так как риск невыплаты слишком велик. В некоторых случаях выдача кредита запрещена законом (например, при ПДН выше 80% для кредитных карт).

Оптимально, чтобы платежи по кредитам не превышали 30% дохода, а остальные средства оставались на другие важные расходы."
367,Когда заявлять в полицию при мошенничестве или аварии?,"При мошенничестве или аварии важно действовать быстро. Вот основные шаги:

1. **При мошенничестве (украли деньги, фишинг, обман через финансовые услуги):**
   - Немедленно обратитесь в банк (по номеру на карте или на сайте) и заблокируйте карту.
   - Подайте заявление в полицию (лучше в Бюро специальных технических мероприятий МВД или в ближайшее отделение). Чем раньше, тем выше шансы вернуть деньги.
   - Если мошенничество связано с финансовыми рынками, соберите все документы (договоры, чеки, скриншоты) и подайте заявление в полицию и Банк России.

2. **При аварии (например, неверный расчет выплаты по ОСАГО):**
   - Сначала обратитесь в страховую компанию для урегулирования вопроса.
   - Если сумма выплаты несправедлива, напишите заявление финансовому омбудсмену.
   - Если решение вас не устроит, подавайте иск в суд.

3. **Общие рекомендации:**
   - При подаче заявления в полицию возьмите талон-уведомление (чтобы отслеживать статус).
   - Если возбуждено уголовное дело, сразу подавайте гражданский иск о возмещении ущерба.

Если мошенничество связано с нелегальной организацией, Банк России может внести ее в список аферистов, но вернуть деньги поможет только полиция."
368,Почему снижение ключевой ставки в перегретой экономике может разогнать инфляцию вместо роста выпуска?,"Снижение ключевой ставки в перегретой экономике может разогнать инфляцию вместо роста выпуска по нескольким причинам:

1. **Нехватка ресурсов**: В перегретой экономике (высокий спрос, низкая безработица, ограниченный импорт) снижение ставки не ведет к увеличению производства, так как свободных ресурсов (рабочая сила, производственные мощности) уже нет. Компании начинают конкурировать за них, что приводит к росту зарплат и издержек.

2. **Гонка зарплат**: При низких ставках компании берут кредиты, чтобы переманивать сотрудников у конкурентов, предлагая более высокие зарплаты. Это создает инфляционное давление, так как производительность не растет, а издержки увеличиваются.

3. **Рост цен**: Из-за дефицита ресурсов компании вынуждены повышать цены на товары и услуги, чтобы компенсировать затраты. Это запускает инфляционную спираль: рост цен → рост зарплат → новый рост цен.

4. **Спрос опережает предложение**: Снижение ставки стимулирует спрос, но производство не успевает за ним, что приводит к дефициту и дальнейшему росту цен.

Таким образом, вместо роста выпуска в перегретой экономике низкая ставка усиливает инфляцию, так как деньги становятся слишком дешевыми, а экономика не может их эффективно использовать."
369,Чем грозит досрочная смена фонда в ОПС по сравнению с досрочным расторжением договора НПО?,"При досрочной смене фонда в рамках **договора обязательного пенсионного страхования (ОПС)** и **досрочном расторжении договора негосударственного пенсионного обеспечения (НПО)** риски различаются:

### **1. Досрочная смена фонда в ОПС**
- **Потери возможны**, если смена происходит **до очередной фиксации** (раз в 5 лет).
  - При **положительном доходе** фонда: заработанная прибыль **сгорит**, и в новый фонд переведут только сумму накоплений на момент последней фиксации.
  - При **убытках** фонда: они **вычтутся** из ваших накоплений, и в новый фонд переведут даже меньше, чем было на счете во время последней фиксации.
- **Исключение**: если смена связана с **реорганизацией НПФ**, потерь не будет, но перевод может задержаться.

### **2. Досрочное расторжение договора НПО**
- **Потери более значительные**:
  1. **Лишение инвестиционного дохода** – можно потерять прибыль с момента последней фиксации (обычно раз в год или 5 лет).
  2. **Возврат меньше внесенных средств** – фонд может выплатить **выкупную сумму**, которая может быть меньше, чем сумма на счете.
  3. **Дополнительные штрафы или ограничения** – условия досрочного возврата зависят от договора.

### **Вывод**
- В **ОПС** потери связаны только с инвестиционным доходом и возможными убытками.
- В **НПО** риски выше: можно потерять не только доход, но и часть своих взносов."
370,"Как заранее оценить переплату по кредиту, чтобы не попасть в долговую яму?","Чтобы заранее оценить переплату по кредиту и избежать долговой ямы, следуйте этим шагам:

1. **Рассчитайте общую сумму переплаты**
   - Используйте кредитный калькулятор, введя сумму кредита, срок и процентную ставку. Это поможет оценить ежемесячные платежи и итоговую переплату.
   - Учтите дополнительные расходы: комиссии, страховки, госпошлины (например, при ипотеке).

2. **Оцените свою финансовую нагрузку**
   - Оптимально, если платежи по кредитам не превышают 30% вашего ежемесячного дохода. Если сумма больше половины дохода, риск невыплаты возрастает.
   - Учитывайте текущие и будущие расходы (например, страховки, обучение, снижение дохода).

3. **Изучите условия договора**
   - Проверьте полную стоимость кредита (ПСК) — она включает проценты и дополнительные услуги.
   - Убедитесь, что в договоре нет скрытых комиссий или изменяемых ставок.

4. **Сравните предложения разных банков**
   - Используйте финансовые маркетплейсы, чтобы найти выгодные ставки.
   - Рассмотрите рефинансирование, если текущий кредит слишком дорогой, но внимательно просчитайте выгоду.

5. **Планируйте досрочное погашение**
   - Если есть возможность, вносите дополнительные платежи, чтобы сократить срок и переплату.

6. **Учитывайте риски**
   - Подумайте, как изменения в жизни (например, рождение ребенка, смена работы) повлияют на вашу способность платить.

Если кредитная нагрузка слишком велика, а выплаты непосильны, рассмотрите реструктуризацию или банкротство."
371,Где проверить легальность страховой компании либо кооператива при сомнениях?,"Чтобы проверить легальность страховой компании или кооператива, следуйте этим шагам:

1. **Для страховых компаний**:
   - Проверьте полис ОСАГО через **Национальную страховую информационную систему (НСИС)**. Введите серию и номер полиса на сайте НСИС, чтобы убедиться в его подлинности, статусе и данных страховщика.
   - Если полис еще не вступил в силу, найдите его в личном кабинете на сайте НСИС (авторизация через Госуслуги или онлайн-банк).
   - Проверьте QR-код на полисе: он должен содержать данные компании, номер полиса, срок действия и информацию о вашем автомобиле.

2. **Для кооперативов (КПК, ЖНК, СКПК)**:
   - Проверьте организацию в **реестре Банка России**. Убедитесь, что она зарегистрирована и не числится в списке сомнительных компаний.
   - Сверьте полное название, ИНН и ОГРН кооператива с данными в **Едином государственном реестре юридических лиц (ЕГРЮЛ)**.
   - Обратите внимание на юридическую форму: например, КПК (кредитный потребительский кооператив) должен быть указан без кавычек перед названием.
   - Проверьте, не запрещено ли кооперативу привлекать новых пайщиков из-за нарушений.

3. **Дополнительные меры**:
   - Если у вас есть сомнения, обратитесь в **Банк России** через чат приложения «ЦБ Онлайн» или горячую линию (300 или 8-800-300-30-00).
   - Будьте осторожны с агрессивной рекламой и обещаниями высоких процентов — это может быть признаком мошенничества.

Если компания или кооператив не найдены в реестрах или числятся в списке сомнительных организаций, откажитесь от сотрудничества."
372,Как защищать права по ОСАГО при отсутствии периода охлаждения?,"При отсутствии периода охлаждения для ОСАГО (обязательного страхования автогражданской ответственности) защитить свои права можно следующими способами:

1. **Официальная претензия страховой компании**
   - Если страховщик нарушает сроки или отказывается оформлять полис, направьте ему письменную претензию. Компания обязана ответить в течение 15 рабочих дней.

2. **Обращение в финансового омбудсмена**
   - Если страховщик отказывается выплачивать компенсацию или занижает сумму, обратитесь к финансовому омбудсмену. Его решения имеют силу постановления суда. Приложите к жалобе документы (протокол ГИБДД, извещение о ДТП, ответ страховщика).

3. **Жалоба в Банк России**
   - Если страховая компания нарушает закон (например, отказывается оформлять ОСАГО без оснований), подайте жалобу в Банк России через интернет-приемную. Приложите копии претензии и ответа страховщика. Регулятор может оштрафовать компанию или отозвать лицензию.

4. **Обращение в Российский союз автостраховщиков (РСА)**
   - Если страховщик игнорирует ваши запросы, сообщите о проблеме в РСА через форму обратной связи на сайте. Организация оперативно реагирует на жалобы.

5. **Судебное разбирательство**
   - Если другие методы не помогли, можно оспорить действия страховщика в суде. Например, если компания использовала неправильный КБМ (коэффициент бонус-малус), можно требовать пересчета стоимости полиса за последние три года.

**Важно:** Сохраняйте все документы, подтверждающие ваши права (договор, претензии, ответы страховщика). Это повысит шансы на успешное разрешение конфликта."
373,Как избежать потерь при переводе пенсионных накоплений в программу долгосрочных сбережений из другого фонда?,"Чтобы избежать потерь при переводе пенсионных накоплений в программу долгосрочных сбережений (ПДС) из другого фонда, следуйте этим рекомендациям:

1. **Уточните сроки фиксации инвестдохода**
   Перед переводом выясните, когда текущий НПФ или СФР фиксирует инвестиционный доход на вашем счете (обычно раз в 5, 10 или 15 лет). Если подать заявление в год фиксации, вы сохраните заработанный доход.

2. **Выберите срочный перевод**
   Оформите заявление на **срочный перевод**, который произойдет через 5 лет. В этом случае инвестдоход не сгорит, а убытки (если они есть) не вычтутся из ваших накоплений.

3. **Проверьте договор с новым фондом**
   Убедитесь, что новый НПФ фиксирует доход не реже одного раза в 5 лет. Это минимизирует риски потерь.

4. **Избегайте досрочного перевода**
   Если перевести накопления до фиксации, положительный доход может сгореть, а убытки вычтутся из ваших средств.

5. **Подавайте заявление через «Госуслуги» или СФР**
   Для перевода накоплений в ПДС сначала переведите их в выбранный НПФ, а затем направьте в программу долгосрочных сбережений.

Если вы уже столкнулись с незаконным переводом, обратитесь в Банк России для проверки действий НПФ."
374,Чем грозит просрочка по «нулевому» микрозайму для будущих заявок на кредит?,"Просрочка по «нулевому» микрозайму может негативно сказаться на ваших будущих заявках на кредит. Вот основные последствия:

1. **Порча кредитной истории** – информация о просрочке будет отражена в вашей кредитной истории, что усложнит получение новых займов или кредитов в будущем. Банки и МФО могут отказать в выдаче кредита или предложить менее выгодные условия.

2. **Начисление высоких процентов** – если вы опоздаете с платежом, даже на один день, МФО может начислить проценты не только за период просрочки, но и за весь срок займа. Например, ставка может составлять 0,8% в день (292% годовых), что значительно увеличит сумму долга.

3. **Сложности с получением кредитов** – кредиторы будут учитывать вашу историю просрочек при оценке заявки. Частые или длительные задержки платежей снижают доверие финансовых организаций, что может привести к отказу в кредитовании или более высоким процентным ставкам.

4. **Досрочное требование возврата долга** – в некоторых случаях кредитор может потребовать досрочного погашения займа, что лишит вас льготных условий (например, отсрочки или сниженной ставки).

Чтобы избежать этих проблем, лучше заранее связаться с МФО и обсудить возможность продления срока займа (пролонгации), если вы не успеваете внести платеж вовремя."
375,"Каковы последствия отзыва лицензии банка для долга по кредитке, а НПФ — для пенсионных накоплений?","В случае отзыва лицензии у банка, в котором у вас есть кредитная карта, ваш долг не исчезнет. Банк или его правопреемник (например, Агентство по страхованию вкладов, АСВ) продолжит требовать погашения кредита. Если вы перестанете платить, банк может обратиться в суд для взыскания долга. В суде могут учесть вашу ситуацию и предложить более щадящие условия погашения, но лучше заранее договориться с кредитором о реструктуризации.

Что касается пенсионных накоплений в НПФ, если у него отзовут лицензию, ваши накопления будут застрахованы государством. АСВ перечислит их в Социальный фонд России (СФР) в течение трёх месяцев. Если вы уже получаете пенсию, её выплаты продолжатся, но размер может измениться (максимальная гарантированная сумма — четыре социальные пенсии по старости). Если вы ещё не вышли на пенсию, вы сможете перевести накопления в другой НПФ."
376,С какого возраста подросток открывает вклад с возможностью снимать проценты до совершеннолетия?,"Подросток может открыть вклад с возможностью снимать проценты до совершеннолетия с **14 лет**.

Согласно контексту, с этого возраста ребенок получает право снимать набежавшие проценты с вклада, открытого на его имя. Однако сам вклад (основная сумма) доступен только после достижения 18 лет, и снятие средств без разрешения органов опеки невозможно.

Если подросток сам открывает вклад, он может распоряжаться внесенными им средствами, но до 18 лет доступ к основной сумме остается ограниченным."
377,Влияет ли участие созаемщика на сумму и процент по кредиту?,"Да, участие созаемщика может повлиять на сумму и процент по кредиту.

1. **Сумма кредита**: Чем выше доход созаемщика, тем большую сумму банк может одобрить. Банк учитывает совокупный доход всех созаемщиков при расчете максимально возможного кредита.

2. **Процентная ставка**: Если финансовое положение и кредитная история созаемщика внушают банку доверие, это может снизить процентную ставку по кредиту. Банк оценивает надежность всех участников сделки, и хорошие показатели созаемщика могут улучшить условия кредитования.

Однако важно помнить, что созаемщик несет такую же ответственность по кредиту, как и основной заемщик, и его долг будет отражен в кредитной истории."
378,Как учитываются вклад с кредитом в одном банке при санации либо при отзыве лицензии?,"При санации или отзыве лицензии у банка, в котором у вас есть и вклад, и кредит, действуют следующие правила:

1. **Автозачет невозможен** – вы не можете автоматически погасить кредит за счет вклада. Это запрещено законом.

2. **Страховое возмещение по вкладу** – АСВ выплатит вам разницу между суммой вклада и остатком долга по кредиту. Например, если на вкладе 300 000 рублей, а долг по кредиту 100 000 рублей, вы получите 200 000 рублей. Оставшиеся 100 000 рублей вы сможете получить только после полного погашения кредита.

3. **Обязательство по кредиту сохраняется** – даже если у банка отозвана лицензия, вы должны продолжать платить по кредиту. В противном случае долг испортит вашу кредитную историю.

4. **Подача заявления в АСВ** – для получения оставшейся части компенсации по вкладу после погашения кредита нужно подать новое заявление в Агентство по страхованию вкладов (АСВ).

5. **Лимит страховки** – максимальная сумма страхового возмещения по вкладам в одном банке составляет 1,4 млн рублей. Если у вас несколько счетов в одном банке, они будут просуммированы.

Если у вас остались вопросы, можно обратиться за разъяснениями в АСВ."
379,Как определяется доходность по векселю по сравнению с ценой лота на аукционе замороженных активов?,В предоставленной базе знаний нет информации по вашему вопросу.
380,"Какой налог можно платить со сдачи жилья вместо НДФЛ, чем его ставки отличаются от подоходного налога?","Если вы получаете доход от сдачи жилья в аренду, вместо стандартного НДФЛ (13% или 15%) можно платить налог по специальному режиму для самозанятых. В этом случае ставка будет ниже:

- **4%** — если доход получают от физических лиц (например, аренда квартиры частным лицам).
- **6%** — если доход получают от юридических лиц или индивидуальных предпринимателей (ИП).

**Отличия от НДФЛ:**
1. **Ставка** — 4–6% вместо 13–15%.
2. **Удобство** — налог рассчитывается и уплачивается через приложение «Мой налог», без необходимости подавать декларацию 3-НДФЛ.
3. **Декларация** — не требуется, так как налог автоматически фиксируется в приложении.

Чтобы воспользоваться этим режимом, нужно зарегистрироваться как самозанятый. Подробнее о процедуре и условиях можно узнать в статье «Кто такие самозанятые, как получить этот статус и что он дает»."
381,Что делать при первых признаках невозможности вовремя платить по кредиту?,"При первых признаках невозможности вовремя платить по кредиту важно действовать оперативно и грамотно. Вот что можно сделать:

1. **Свяжитесь с банком или кредитором** – не скрывайте проблему, а честно сообщите о финансовых трудностях. Банки заинтересованы в возврате долга и могут предложить варианты решения.

2. **Рассмотрите реструктуризацию долга** – это изменение условий кредитного договора, например, увеличение срока погашения или уменьшение ежемесячных платежей.

3. **Попробуйте оформить кредитные каникулы** – если у вас ипотека, можно воспользоваться ипотечными каникулами. Также действуют кредитные каникулы для участников специальной военной операции и их близких.

4. **Рефинансирование** – если ставки по кредитам снизились, можно переоформить кредит на более выгодных условиях.

5. **Избегайте новых займов** – не стоит брать новый кредит для погашения старого, так как это увеличит переплату.

Если ситуация не улучшается после каникул, можно обсудить с банком дополнительные меры, такие как продление срока отсрочки или продажу залогового имущества (например, ипотечной квартиры) с согласия кредитора.

Главное – не игнорировать проблему, так как это приведет к росту долга, ухудшению кредитной истории и возможным судебным разбирательствам."
382,Как начать подготовку к пассивному доходу к конкретной дате?,"Чтобы начать подготовку к пассивному доходу к конкретной дате, следуйте этим шагам:

1. **Определите сроки и сумму**
   - Решите, когда вам нужен пассивный доход (например, через 3, 5 или 10 лет).
   - Рассчитайте, какую сумму вы хотите получать (ежемесячно, раз в год или по другому графику).

2. **Выберите способ накопления**
   - Откладывайте регулярно (например, с каждой зарплаты) или разово (например, при получении премии или наследства).
   - Убедитесь, что суммы и сроки реалистичны.

3. **Выберите инструменты для инвестирования**
   - **Банковский вклад** – простой и безопасный вариант, но с низкой доходностью.
   - **Паевые инвестиционные фонды (ПИФы)** – подходят для новичков, так как деньгами управляют профессионалы.
   - **Акции и облигации** – более рискованные, но потенциально более доходные инструменты.
   - **Недвижимость** – сдача в аренду может приносить стабильный доход, но требует вложений и управления.
   - **Негосударственная пенсия или программы долгосрочных сбережений (ПДС)** – подходят для отложенного дохода в будущем.

4. **Рассчитайте необходимые вложения**
   - Используйте формулу накопления, учитывая процентную ставку и срок инвестирования.
   - Например, если вам нужно накопить 300 000 рублей за 3 года, откладывайте по 8 300 рублей ежемесячно.

5. **Следите за рисками**
   - Застрахуйте активы (например, недвижимость от повреждений).
   - Диверсифицируйте вложения, чтобы снизить риски.

6. **Регулярно пересматривайте план**
   - Корректируйте стратегию в зависимости от изменений в доходах, расходах или рыночных условиях.

Если у вас уже есть финансовая подушка безопасности, можно начать с более рискованных, но доходных инструментов. Главное – не хранить деньги без движения, чтобы избежать потерь из-за инфляции."
383,В какой срок после ДТП подают документы страховщику при европротоколе?,"При оформлении ДТП по европротоколу оба водителя должны передать извещение о ДТП в свои страховые компании **в течение 5 рабочих дней со дня аварии**. Пострадавшему водителю также нужно подать заявление о возмещении ущерба в тот же срок.

Если извещение заполнялось на бланке старого образца, его можно передать страховщику в течение 14 календарных дней, но действующая норма — 5 рабочих дней."
384,Как проходит принудительная конвертация депозитарных расписок в акции при блокировке обмена?,"Принудительная конвертация депозитарных расписок в акции при блокировке обмена проходит следующим образом:

1. **Условия для принудительной конвертации**:
   - Если ваши права на расписки учитываются в иностранном депозитарии, а обмен расписок на акции блокируется из-за санкций, вы можете потребовать их принудительной конвертации.

2. **Действия инвестора**:
   - Выясните, кто является кастодианом компании (российским депозитарием, хранящим акции, на которые выпущены расписки). Информацию можно найти на сайте эмитента или запросить у брокера.
   - Не позднее 11 октября подайте кастодиану заявление в свободной форме с требованием заменить расписки на акции. Приложите документы, подтверждающие ваши права на эти ценные бумаги.

3. **Процедура конвертации**:
   - До 26 октября кастодиан проверит заявки, откроет для каждого инвестора счет депо и зачислит на него акции.
   - После этого инвесторы могут перевести акции в другой депозитарий по своему выбору.

Если у вас остались вопросы или требуется дополнительная информация, уточните её у своего брокера или депозитария."
385,Какие данные банковской карты нужны мошенникам?,"Мошенникам для использования вашей банковской карты нужны следующие данные:

1. **Реквизиты карты**:
   - Номер карты.
   - Имя и фамилия владельца.
   - Срок действия карты.
   - Код проверки подлинности (CVV/CVC) — три цифры на обратной стороне.

2. **Дополнительные данные**:
   - ПИН-код.
   - Коды из СМС для подтверждения платежей и переводов.
   - Логины и пароли от онлайн-банка или приложений, привязанных к карте.

Эти данные позволяют злоумышленникам совершать покупки в интернете, переводить деньги или снимать средства с вашего счета. Важно никогда не сообщать их третьим лицам, даже если они представляются сотрудниками банка или другими официальными лицами."
386,"Почему при последствиях ДТП владельцу удобнее иметь каско, а не полагаться на одно ОСАГО?","При последствиях ДТП владельцу удобнее иметь каско, а не полагаться только на ОСАГО, по нескольким причинам:

1. **Компенсация ущерба собственного автомобиля**
   ОСАГО покрывает ущерб, нанесенный другим участникам ДТП, но не возмещает ремонт вашей машины. Каско же защищает именно ваше транспортное средство, даже если вы стали виновником аварии.

2. **Более высокие лимиты выплат**
   Максимальная выплата по ОСАГО на ремонт составляет 400 000 рублей, а в некоторых случаях — даже 100 000 или 200 000 рублей. Если ущерб превышает эту сумму, пострадавший может взыскать разницу с виновника. Каско не имеет таких ограничений и покрывает полный ущерб, за исключением франшизы (если она предусмотрена).

3. **Суброгация (возмещение ущерба через страховую)**
   Если у пострадавшего есть каско, его страховая компания сначала оплатит ремонт, а затем взыщет сумму с виновника (включая страховую компанию по ОСАГО). Владельцу не придется самостоятельно разбираться с виновником и судиться.

4. **Защита от дополнительных расходов**
   При ОСАГО, если выплаты не хватили на ремонт, пострадавший может потребовать доплату с виновника. С каско эти вопросы решает страховая компания, а не владелец.

5. **Дополнительные риски (угон, повреждения не в ДТП)**
   Каско защищает не только от аварий, но и от угона, повреждений из-за падения сосулек, вандализма и других рисков, которые не покрываются ОСАГО.

Таким образом, каско обеспечивает более полную защиту и удобство, особенно для владельцев дорогих автомобилей или тех, кто хочет избежать бюрократии и судебных разбирательств."
387,"Вправе ли кредитор подать в суд за просрочку, если мобилизованному уже одобрили кредитные каникулы?","Нет, кредитор не вправе подать в суд за просрочку, если мобилизованному уже одобрили кредитные каникулы. В период действия каникул запрещается взыскивать долги и залоги через суд, а также выселять близких заемщика из ипотечного жилья, даже если суд уже принял такое решение."
388,"Учитывают ли при расчете НДФЛ проценты по счетам с процентом на остаток, например по текущему счету?","Да, проценты по счетам с начислением процентов на остаток (например, по текущему счету) учитываются при расчете НДФЛ, если ставка по ним превышает 1% годовых.

Однако, если ставка по такому счету не превышает 1% годовых, то доход по нему не учитывается при расчете налога. Также не учитываются счета эскроу и рублевые счета с низкой ставкой.

Банки самостоятельно направляют информацию о начисленных процентах в ФНС, и если общий доход по всем счетам превышает льготный лимит (1 млн рублей × самая высокая ключевая ставка ЦБ в году), то с превышения начисляется налог."
389,Как корректно сравнить доходность НПФ с результатами управляющих компаний СФР с учетом комиссий?,"Для корректного сравнения доходности негосударственных пенсионных фондов (НПФ) и управляющих компаний (УК) Социального фонда России (СФР) с учетом комиссий следует учитывать несколько ключевых моментов:

1. **Источники данных**:
   - Доходность НПФ можно найти в таблицах Банка России под названием «Основные показатели деятельности негосударственных пенсионных фондов». В них указана доходность инвестирования средств пенсионных накоплений **за вычетом вознаграждения НПФ**.
   - Доходность УК СФР публикуется на сайте Соцфонда в разделе «Расчет доходности инвестирования средств пенсионных накоплений». Однако эти показатели приводятся **до вычета комиссий и других платежей управляющим компаниям**.

2. **Сравнение с учетом комиссий**:
   - При сравнении важно помнить, что данные НПФ уже включают вычет комиссий, тогда как данные УК СФР — нет. Это может существенно влиять на итоговую доходность.
   - Для более точного сравнения можно:
     - Уточнить у НПФ или УК размер их комиссий и скорректировать показатели доходности УК СФР, вычитая аналогичные комиссии.
     - Сравнивать только чистую доходность, которую НПФ начисляют на счета клиентов (эти данные можно найти на сайтах самих фондов).

3. **Дополнительные факторы**:
   - Обращайте внимание на конкретные инвестиционные портфели УК СФР, так как доходность может различаться в зависимости от структуры активов (ценные бумаги, депозиты и т. д.).
   - Показатели прошлых лет не гарантируют такой же доходности в будущем, поэтому важно анализировать динамику за несколько лет.

4. **Где проверить данные**:
   - Статистику по НПФ и УК можно найти на сайтах Банка России и Социального фонда.
   - Для проверки текущего состояния своих накоплений и доходности можно воспользоваться сервисом Госуслуг, заказав выписку о состоянии счета в СФР.

Таким образом, для объективного сравнения необходимо учитывать не только числовые показатели, но и структуру комиссий, а также историю доходности фондов и управляющих компаний."
390,Какие ограничения на досрочный выход описаны для векселя по сравнению с поданной заявкой на аукцион замороженных активов?,"Для векселя и заявки на аукцион замороженных активов существуют разные ограничения на досрочный выход:

1. **Вексель**:
   - **Нельзя погасить раньше срока**. Если на векселе указан конкретный срок погашения, до этого момента получить деньги невозможно.
   - В случае отзыва лицензии у банка-векселедателя векселедержатели относятся к третьей очереди кредиторов, что снижает шансы на возврат средств.

2. **Заявка на аукцион замороженных активов**:
   - **Отозвать заявку нельзя**. После подачи заявки на участие в торгах отменить её невозможно.
   - Однако инвестор сам решает, какие активы выставить на продажу, и может выбрать сумму до 100 000 рублей. Если активов больше, организатор торгов определит, какие из них попадут на аукцион.

Таким образом, вексель не позволяет досрочно получить средства, а заявка на аукцион — не позволяет отозвать её после подачи."
391,Какие шаги помогут не переплатить при выборе ипотеки по аналогии с борьбой с импульсивными покупками?,"Чтобы избежать переплаты при выборе ипотеки, следуйте этим шагам, аналогичным стратегии против импульсивных покупок:

1. **Сравните предложения разных банков**
   Изучите условия ипотеки в нескольких банках, обращая внимание на процентные ставки, сроки, требования к первоначальному взносу и дополнительные комиссии. Используйте кредитный калькулятор, чтобы рассчитать общую переплату.

2. **Оцените реальную стоимость жилья**
   Проверьте, во сколько обойдется квартира при обычной ипотеке (без акций застройщика). Если цена по программе застройщика выше, решите, готовы ли вы к возможным потерям при продаже.

3. **Учтите дополнительные расходы**
   Посчитайте не только стоимость квартиры, но и переплату по кредиту, страховку, комиссии и другие скрытые платежи. Это поможет понять, насколько выгодно предложение.

4. **Планируйте досрочные погашения**
   Если у вас есть возможность вносить дополнительные платежи (например, после налоговых вычетов или премий), включите их в график. Это сократит срок кредита и переплату.

5. **Проверьте условия субсидированной ипотеки**
   Если застройщик предлагает «супервыгодные» ставки, уточните, не повысится ли она через несколько лет. Рассчитайте переплату для разных сценариев.

6. **Оцените свои финансовые возможности**
   Убедитесь, что ежемесячные платежи не превышают 30% вашего дохода. Подумайте, как изменение доходов или жизненных обстоятельств (например, рождение ребенка) повлияет на выплаты.

7. **Избегайте рисков при отсроченной ипотеке**
   Если застройщик предлагает сначала платить аренду или рассрочку, а кредит оформить позже, учтите, что условия банка или ваше финансовое положение могут измениться.

8. **Используйте ипотеку с господдержкой (если подходите)**
   Проверьте, есть ли у вас право на льготные программы (например, для семей с детьми, молодых семей или военных).

Следуя этим шагам, вы сможете выбрать ипотеку с минимальной переплатой и избежать импульсивных решений."
392,"Как организовать ребенку карманные деньги на карте так, чтобы родитель видел его траты?","Чтобы организовать карманные деньги на карте ребенка с контролем расходов, можно воспользоваться следующими инструментами и настройками:

1. **Дополнительная карта к счету родителя**
   - Многие банки позволяют оформить дополнительную карту для ребенка, привязанную к счету родителя. Это дает возможность контролировать расходы через лимиты и уведомления.

2. **Установка лимитов**
   - В мобильном приложении или онлайн-банке можно ограничить:
     - **Дневные/недельные/месячные траты** – например, установить лимит в 500 рублей в день.
     - **Максимальную сумму покупки** – чтобы ребенок не мог потратить всю сумму за один раз.
     - **Запрет на снятие наличных или переводы** – если это не нужно.

3. **Контроль онлайн-покупок**
   - Можно отключить платежи в интернете или настроить подтверждение каждой операции через СМС или push-уведомление.

4. **Подключение уведомлений**
   - Настройте СМС или push-уведомления о всех операциях по карте ребенка. Это позволит родителям оперативно отслеживать траты и замечать подозрительные операции.

5. **Использование специальных счетов-копилок**
   - Некоторые банки предлагают детские карты с возможностью накопления процентов, что мотивирует ребенка копить.

6. **Обучение финансовой грамотности**
   - Обсуждайте с ребенком историю покупок, анализируйте расходы и помогайте ему ставить финансовые цели.

7. **Защита от мошенничества**
   - Подключите СМС-оповещения и научите ребенка проверять уведомления. Если придет сообщение о подозрительной операции, карту можно быстро заблокировать.

Таким образом, родители смогут контролировать траты ребенка, а он – учиться управлять деньгами ответственно."
393,"Что безопаснее для сохранности активов при проблемах у посредника: брокер или доверительный управляющий, и почему?","На основе предоставленной информации можно сделать следующие выводы о безопасности активов при проблемах у посредника:

1. **Доверительный управляющий** обычно безопаснее, так как:
   - Право собственности на активы всегда остается у клиента.
   - В случае банкротства управляющего можно просто перевести активы к другому управляющему или брокеру.
   - Договор с доверительным управляющим не позволяет ему ""одалживать"" ваши деньги или ценные бумаги в своих интересах.

2. **Брокер** сопряжен с большими рисками:
   - Брокер может временно использовать ваши деньги и ценные бумаги в своих сделках, что увеличивает риск потерь при его банкротстве.
   - В случае отзыва лицензии у брокера есть вероятность потерять часть или все средства.
   - Деньги на брокерском счете не застрахованы государством, в отличие от банковских вкладов.

Таким образом, доверительное управление считается более безопасным вариантом для сохранности активов при проблемах у посредника."
394,Почему не стоит инвестировать последние деньги либо занимать на биржу?,"Инвестировать последние деньги или занимать средства для вложений в фондовый рынок крайне рискованно. Вот основные причины, почему этого делать не стоит:

1. **Высокий риск потерь** – фондовый рынок волатилен, и ценные бумаги могут резко упасть в цене. Если вы вложите все свои сбережения или займете деньги, вы рискуете потерять не только потенциальную прибыль, но и основной капитал.

2. **Отсутствие финансовой подушки безопасности** – перед инвестированием важно создать резервный фонд (3–6 месячных доходов) на случай непредвиденных расходов. Если все деньги уйдут в акции, вы можете оказаться в сложной финансовой ситуации.

3. **Долговые обязательства** – если вы возьмете кредит или займете у знакомых, а инвестиции окажутся убыточными, вам придется возвращать долг, не имея средств.

4. **Психологическое давление** – инвестирование на заемные деньги создает стресс, что может привести к необдуманным решениям и дополнительным потерям.

5. **Отсутствие страховки** – в отличие от банковских вкладов, где государство гарантирует возврат средств (до 1,4 млн рублей), на бирже нет такой защиты. Вы можете потерять все.

**Рекомендация:** Инвестируйте только те средства, которые вы готовы потерять без ущерба для своего финансового благополучия. Сначала создайте подушку безопасности, а затем выбирайте стратегию инвестирования."
395,"Когда безопаснее переводить пенсионные накопления в новый НПФ, если ориентироваться на надежные фонды по рейтингу?","Согласно контексту, безопаснее переводить пенсионные накопления в новый НПФ, ориентируясь на следующие моменты:

1. **Фиксация инвестдохода** – переводите накопления в тот год, когда текущий НПФ зафиксирует инвестдоход на вашем счете или компенсирует убытки. Это происходит раз в пять лет с момента заключения договора. В этом случае вы получите все накопления вместе с доходом за последние пять лет.

2. **Срочный перевод** – если вы хотите минимизировать риски потерь, выберите срочный перевод (через пять лет). В этом случае накопления перейдут в новый фонд с учетом всех инвестиционных доходов или компенсаций убытков.

3. **Кредитный рейтинг** – выбирайте НПФ с высоким рейтингом, который можно проверить на сайте Банка России. Это снизит риски финансовой нестабильности фонда.

4. **Избегание досрочного перевода** – если вы переведете накопления досрочно (не дожидаясь фиксации), при положительном результате инвестиций доход может ""сгореть"", а при отрицательном – убытки вычтут из ваших накоплений.

Таким образом, оптимальный момент для перевода – год фиксации инвестдохода (раз в пять лет) или использование срочного перевода (через пять лет после подачи заявления)."
396,Каковы сроки подачи заявлений при ликвидации МФО по сравнению с обращением за возмещением при отзыве лицензии у НПФ?,"Сроки подачи заявлений при ликвидации МФО и при отзыве лицензии у НПФ различаются:

1. **При ликвидации МФО** – кредиторам дают **два месяца** с момента публикации о ликвидации или банкротстве компании. Если пропустить этот срок, шансы на возврат вложений резко снижаются.

2. **При отзыве лицензии у НПФ** – клиенты должны обратиться за возмещением в АСВ в течение **пяти месяцев** со дня публикации информации об отзыве лицензии. Пропуск этого срока без уважительной причины может привести к отказу в выплате.

Таким образом, сроки подачи заявлений при ликвидации МФО короче, чем при отзыве лицензии у НПФ."
397,Почему платеж через терминал может зависнуть при отзыве лицензии у банка‑посредника?,"Платеж через терминал может зависнуть при отзыве лицензии у банка-посредника по следующим причинам:

1. **Отзыв лицензии у банка**: Если банк, через который проходят платежи, нарушает законы (например, подделывает отчетность, нарушает договоры с клиентами или участвует в отмывании денег), Банк России отзывает у него лицензию. Без лицензии банк не может проводить финансовые операции, включая переводы.

2. **Зависшие транзакции**: Платежи, которые были отправлены накануне отзыва лицензии, не успевают доставить получателям. Временная администрация, назначенная регулятором, не имеет полномочий проводить банковские операции, поэтому деньги остаются на счетах банка, но не могут быть переведены.

3. **Процедура ликвидации**: После отзыва лицензии банк проходит проверку, а затем — процедуру банкротства или принудительной ликвидации. Только после этого начинаются расчеты с кредиторами, и получатели зависших платежей могут получить свои деньги.

Таким образом, платеж зависнет, потому что банк-посредник больше не может проводить операции, а временная администрация не имеет права возвращать или переводить средства."
398,Почему рискованно работать через иностранного форекс-дилера без российской лицензии?,"Работать через иностранного форекс-дилера без российской лицензии рискованно по нескольким причинам:

1. **Отсутствие защиты со стороны российских регуляторов**. Если дилер нарушит ваши права (например, не выполнит поручения или откажется выводить деньги), вы не сможете обратиться в Банк России или российские суды. Все споры придется решать в стране регистрации компании, что усложняет процесс и снижает шансы на возврат средств.

2. **Высокий риск мошенничества**. Многие «иностранные» форекс-дилеры на самом деле являются мошенниками, которые имитируют торговлю, чтобы заманить клиентов. Они могут предлагать обучение, демонстрационные счета с ростом капитала, но при попытке вывода средств создавать препятствия (технические сбои, задержки и т. д.).

3. **Нелегальная деятельность**. Если компания рекламируется в российском сегменте интернета, она нарушает закон. Работа с такими организациями несет дополнительные риски, так как они могут исчезнуть или изменить условия в одностороннем порядке.

4. **Отсутствие гарантий**. Деньги на счете у нелицензированного дилера не застрахованы государством, и в случае проблем вы не сможете рассчитывать на компенсацию.

Если вы все же решите сотрудничать с иностранным дилером, убедитесь, что у него есть репутация и положительные отзывы, но помните, что риски остаются высокими."
399,Куда жаловаться при нарушении прав со стороны брокера или форекс‑дилера?,"Если ваши права нарушил **брокер** или **форекс-дилер**, действуйте в зависимости от наличия у них лицензии:

1. **Если компания имеет лицензию Банка России**:
   - Направьте претензию непосредственно брокеру/дилеру. Он обязан ответить в течение **15 рабочих дней**.
   - Если ответ не получен или он вас не устроил, подавайте жалобу в **Банк России** (через сайт, приложение «ЦБ Онлайн» или горячую линию: 300 или 8-800-300-30-00).
   - Также можно обратиться в **саморегулируемую организацию (СРО)**, например, **Национальную ассоциацию участников фондового рынка (НАУФОР)**. При подтверждении нарушений брокер может быть оштрафован или исключен из СРО.

2. **Если компания не имеет лицензии**:
   - Подайте заявление в **полицию** с приложением всех документов (договоры, чеки, скриншоты сайта и т. д.).
   - Чем быстрее вы обратитесь, тем выше шансы вернуть деньги и предотвратить мошенничество.

3. **Дополнительные варианты**:
   - Если брокер навязал ненужные услуги или взимает незаконные комиссии, можно пожаловаться в **Роспотребнадзор** (через форму на сайте).
   - Для консультации по выбору ведомства обратитесь в **Банк России** (через чат или горячую линию).

**Важно**: всегда сохраняйте все документы и доказательства нарушений."
400,Распространяется ли самозапрет на POS‑микрозаймы?,"Да, самозапрет распространяется на POS-микрозаймы, если они оформляются через банки или микрофинансовые организации (МФО). В этом случае вы заключаете кредитный договор, и самозапрет будет действовать.

Однако если рассрочка предоставляется самим продавцом без кредитного договора (например, оплата товара частями без участия банка или МФО), то самозапрет не работает."
401,Почему внеплановый платеж лучше делать в дату планового взноса?,"Внеплановый платеж лучше делать в дату планового взноса, потому что в этом случае вся дополнительная сумма пойдет на сокращение основного долга. Если внести деньги в другой день, часть внепланового взноса уйдет на погашение процентов, которые набежали с момента предыдущего платежа. В результате основной долг снизится не так заметно.

Кроме того, если внеочередной взнос значительно меньше регулярного, он может полностью пойти на покрытие процентов, а основной долг останется прежним. Поэтому для максимальной выгоды лучше совмещать досрочные платежи с датами плановых выплат."
402,"Какие инструменты, в отличие от банковских вкладов, не покрываются государственной системой страхования?","Вот перечень финансовых инструментов, которые **не покрываются** государственной системой страхования вкладов (в отличие от банковских вкладов):

1. **Сберегательные сертификаты на предъявителя** и вклады на предъявителя (включая сберегательные книжки).
2. **Деньги, переданные в доверительное управление** банкам.
3. **Средства на электронных кошельках** и предоплаченных неименных картах.
4. **Вклады в зарубежных филиалах** российских банков.
5. **Субординированные депозиты**.
6. **Номинальные счета** (кроме открытых опекунами/попечителями для подопечных), залоговые счета и счета эскроу (если не связаны с недвижимостью).
7. **Обезличенные металлические счета**.
8. **Деньги юридических лиц** (кроме малых и средних предприятий, профсоюзов и социальных НКО).
9. **Публичные депозитные счета**.
10. **Счета и вклады компаний, признанных иностранными агентами**.
11. **Профессиональные счета актуариев**.
12. **Полисы инвестиционного или накопительного страхования жизни (НСЖ)**.
13. **Паи ПИФов** и инвестиции в ценные бумаги (акции, облигации, векселя, включая бумаги самого банка).
14. **Договоры негосударственного пенсионного обеспечения (НПО)**.
15. **Вложения в микрофинансовые компании (МФК)**.
16. **Сбережения пайщиков кредитных кооперативов (КПК)**.

Если у вас есть сомнения по конкретному инструменту, рекомендуется уточнить информацию в **Агентстве по страхованию вкладов (АСВ)**."
403,По каким причинам оператор кошелька или банк блокируют операции?,"Оператор кошелька или банк могут блокировать операции по следующим причинам:

1. **Подозрительные операции** – если операция выглядит необычной или подозрительной (например, крупный перевод, платеж за границу, нетипичное время суток).
2. **Связь с мошенническими схемами** – если реквизиты получателя попали в базу подозрительных счетов, банк обязан заблокировать перевод на 2 дня.
3. **Подозрение в отмывании денег или финансировании терроризма** – в крайних случаях банк может полностью заблокировать доступ к счету.
4. **Неподтвержденные платежи** – если банк не может связаться с клиентом для подтверждения операции, она может быть приостановлена.
5. **Технические ошибки** – например, ввод неверного ПИН-кода или сбои в системе.
6. **Арест судебными приставами** – если на кошельке есть долги, средства могут быть списаны в счет погашения.

Если операция заблокирована, банк обычно уведомляет клиента и просит подтвердить ее или отменить. В случае мошенничества карту могут окончательно заблокировать и предложить перевыпустить."
404,Когда СТО вправе требовать доплату при ремонте по ОСАГО?,"СТО вправе требовать доплату при ремонте по ОСАГО в следующих случаях:

1. **Если оценка ущерба превышает лимит возмещения по ОСАГО** (400 000 рублей). В этом случае страховая компания может предложить вам доплатить за ремонт на СТО, но вы не обязаны соглашаться. Вы вправе отказаться от ремонта и потребовать денежную компенсацию, чтобы найти автосервис подешевле или использовать б/у запчасти.

2. **Если в ходе ремонта обнаружены скрытые повреждения**, которые не были учтены в первоначальной оценке. Даже в этом случае, если изначальная сумма укладывалась в лимит ОСАГО, СТО не вправе требовать доплату от вас — она должна урегулировать разницу со страховой компанией.

3. **Если вы отказываетесь от ремонта на СТО, предложенной страховщиком**, и выбираете другой сервис, но его услуги дороже. В этом случае разницу также придется доплачивать самостоятельно.

Однако, если оценка ущерба укладывается в лимит ОСАГО, СТО не вправе требовать с вас доплату — все дополнительные расходы должны быть согласованы со страховой компанией."
405,Как авторы советуют усиливать команду за счет подбора людей?,"Авторы рекомендуют несколько подходов для усиления команды за счет подбора людей:

1. **Четкое определение потребностей компании** – важно понимать, какой именно сотрудник нужен, чтобы подобрать подходящего кандидата. Джефф Смарт и Рэнди Стрит в книге *«Кто. Решите вашу проблему номер один»* предлагают алгоритм, который помогает выявить ключевые качества и навыки, необходимые для успешной работы.

2. **Различение типов сотрудников** – авторы выделяют несколько категорий: простых исполнителей, лидеров, способных вести за собой, и передовиков, которые вносят инновации. Это помогает подбирать людей в зависимости от задач компании.

3. **Создание мотивационной среды** – в книге *«Канбан. Альтернативный путь в Agile»* Дэвид Андерсон советует выявлять слабые места в рабочем процессе и улучшать взаимодействие в команде, чтобы сотрудники чувствовали свою значимость.

4. **Обратная связь и вовлечение** – Джим Коллинз в *«От хорошего к великому»* рекомендует интересоваться мнением сотрудников, устраивать дискуссии и допускать критику в свой адрес, чтобы создать атмосферу доверия и ответственности.

5. **Привлечение новых взглядов** – в книге *«Что читают в ЦБ»* упоминается совет приглашать в компанию сотрудников с нулевым опытом, чтобы вносить свежие идеи в привычные процессы.

Эти методы помогают не только подбирать подходящих людей, но и удерживать их, создавая эффективную и мотивированную команду."
406,"Можно ли отменить перевод через СБП, как это соотносится с необратимостью транзакций в блокчейне?","Отменить перевод через СБП можно только в том случае, если платеж еще не прошел. Для этого нужно сразу же связаться с банком, назвать точную дату, время и сумму перевода, а также пройти проверку личности (например, ответить на контрольные вопросы).

Если перевод уже выполнен, отозвать его невозможно, так как деньги зачисляются получателю за несколько секунд. В этом случае можно попробовать договориться с получателем о возврате средств или обратиться в банк для составления заявления о возврате ошибочного платежа.

Что касается необратимости транзакций в блокчейне, то в отличие от СБП, где есть возможность отмены до завершения операции, блокчейн-транзакции после подтверждения не могут быть отменены или изменены. Это связано с децентрализованной природой блокчейна, где каждая транзакция фиксируется в цепочке блоков и защищена криптографическими методами."
407,Чем отличается защита денег инвесторов МФО от гарантий по добровольным пенсиям в НПФ?,"Защита денег инвесторов в микрофинансовых организациях (МФО) и гарантии по добровольным пенсиям в негосударственных пенсионных фондах (НПФ) существенно различаются.

1. **Защита в МФО**:
   - Инвестиции в МФО **не защищены** системой страхования вкладов. В случае банкротства МФО инвесторы **не могут рассчитывать на государственные компенсации**.
   - Если МФО разорится, шансы на полный возврат вложенных средств **крайне малы**.
   - Некоторые МФО могут заявлять о страховании, но это обычно относится к узким рискам (например, банкротство банка-партнера или природные катаклизмы), а не к банкротству самой МФО.

2. **Гарантии в НПФ**:
   - С 2023 года государство гарантирует сохранность **взносов на дополнительную пенсию** в НПФ. Если фонд обанкротится, **Агентство по страхованию вкладов (АСВ)** выплатит компенсацию.
   - Размер компенсации ограничен **2,8 млн рублей** (включая инвестиционный доход).
   - Если вы уже получаете пенсию, АСВ продолжит выплаты через новый НПФ, но в пределах **четырех социальных пенсий по старости**.
   - Взносы на **обязательную пенсию** также защищены: если НПФ обанкротится, деньги вернутся на ваш счет в СФР, но инвестиционный доход может быть потерян.

**Вывод**: В отличие от МФО, где инвесторы остаются без защиты, в НПФ государство гарантирует возврат средств в рамках установленных лимитов."
408,"Российские облигации у санкционного брокера доступны, какие бумаги для новичка самые надежные?","Для начинающих инвесторов в России самыми надежными облигациями считаются:

1. **Государственные облигации (ОФЗ)** – выпускаются Министерством финансов, имеют низкий риск и доходность выше инфляции, но не слишком высокую.
2. **Корпоративные облигации с высоким кредитным рейтингом (от «А+» до «ААА»)** – выпускаются крупными и устойчивыми компаниями, что снижает риски.

Также стоит обратить внимание на **обеспеченные облигации** – они более надежны, так как их выплаты могут быть обеспечены залогом, поручительством или гарантией.

Для минимизации рисков лучше выбирать облигации со свободным обращением, чтобы иметь возможность продать их в любой момент."
409,Кто платит НДФЛ по доходам от депозитарных расписок против дивидендов по акциям?,"НДФЛ по доходам от депозитарных расписок и дивидендов по акциям платится по-разному:

1. **НДФЛ с дивидендов по акциям**:
   - Налог автоматически удерживает депозитарий или компания-эмитент, выпустившая акции.
   - Вкладчику не нужно самостоятельно подавать декларацию или перечислять налог.

2. **НДФЛ с доходов от депозитарных расписок**:
   - Если доход получен от разницы между ценой покупки и продажи расписок, налог рассчитывает и удерживает брокер (если сделка проходила через него).
   - Если сделка не проходила через брокера, налог нужно платить самостоятельно, подавая декларацию 3-НДФЛ.
   - Налог на дивиденды и купонные выплаты по распискам также нужно платить самостоятельно, подавая декларацию и перечисляя средства в ФНС.

Таким образом, по дивидендам налог всегда удерживается автоматически, а по доходам от продажи расписок — в зависимости от условий сделки."
410,Как снизить риск потери ценных бумаг при проблемах у посредника?,"Чтобы снизить риск потери ценных бумаг при проблемах у брокера, можно воспользоваться следующими мерами:

1. **Ограничьте доступ брокера к вашим активам**:
   - Разделите счет на торговый и основной разделы. В торговом разделе храните только те бумаги, которые планируете продавать, а остальные переводите на основной раздел, где брокер не сможет ими пользоваться.
   - При покупке сразу переводите бумаги с торгового раздела на основной, а при продаже — наоборот.

2. **Откройте лицевой счет у регистратора**:
   - Если вы планируете долгосрочные инвестиции, переведите ценные бумаги на лицевой счет в реестре акционеров. Это защитит их от доступа брокера.

3. **Используйте сегрегированный счет**:
   - Откройте отдельный счет, где брокер не сможет использовать ваши деньги и ценные бумаги. Убедитесь, что в договоре прописан запрет на использование ваших активов.

4. **Не держите деньги на брокерском счете**:
   - Вкладывайте средства в ценные бумаги или выводите их на банковский счет. Деньги на банковских счетах застрахованы государством (до 1,4 млн рублей).

5. **Быстро реагируйте на проблемы брокера**:
   - Если у брокера отозвали лицензию, сразу выведите деньги и ценные бумаги на другой счет или к другому посреднику. Убедитесь, что у вас есть отчеты о сделках для налоговых льгот.

Эти меры помогут минимизировать риски при работе с брокером."
411,"Как банки увеличивают количество денег в экономике, что при этом угрожает ценам?","Банки увеличивают количество денег в экономике через механизм кредитования. Когда клиент открывает депозит, банк может использовать эти средства для выдачи кредитов другим клиентам. Например, если вы положили на депозит 100 000 рублей, банк может выдать 90 000 рублей в кредит другому человеку. Таким образом, количество денег в экономике увеличивается, хотя физически наличных не прибавилось.

Однако это может угрожать ценам, так как избыток денег в экономике может привести к инфляции. Если спрос на товары и услуги растет быстрее, чем их производство, цены начинают расти. Люди и компании, имея доступ к дешевым кредитам, могут увеличивать свои расходы, что еще больше стимулирует рост цен. В таких условиях инфляция может ускориться, а сбережения людей обесцениваться.

Чтобы избежать этого, центральный банк регулирует денежную массу, в том числе через изменение ключевой ставки. Если инфляция начинает расти, регулятор может повысить ставку, чтобы сделать кредиты дороже и снизить спрос, что в итоге замедлит рост цен."
412,Когда уместно рефинансировать кредит: при появлении ребенка либо перед Новым годом?,"Рефинансирование кредита может быть уместно в двух случаях:

1. **При появлении ребенка** – если у вас есть ипотека на новостройку или строительство частного дома, вы можете рефинансировать ее по льготной ставке. Для этого должны быть соблюдены условия программы: требования к жилью, возрасту ребенка и гражданству заемщиков.

2. **Перед Новым годом** – многие банки предлагают привлекательные ставки на рефинансирование в преддверии праздников. Это может быть выгодно, если вы хотите объединить несколько кредитов в один, чтобы упростить платежи и снизить переплату.

Однако важно учитывать, что рефинансирование выгодно, если вы выплатили менее половины кредита. Если уже погасили больше половины, перекредитование может не окупиться из-за того, что основная переплата приходится на начало срока."
413,"Каков лимит страхового возмещения по вкладам, когда доступна выплата до 10 млн рублей?","Лимит страхового возмещения по вкладам составляет **1,4 млн рублей** для большинства случаев. Однако в некоторых ситуациях можно рассчитывать на повышенную выплату — **до 10 млн рублей**. Это возможно, если:

1. **Счета эскроу** — открыты для расчетов по сделкам купли-продажи недвижимости или договорам долевого строительства.
2. **Особые поступления** — деньги поступили на счет не раньше чем за три месяца до отзыва лицензии у банка или введения моратория на выплаты. Это может быть:
   - продажа недвижимости (квартиры, дома, дачи, земельного участка);
   - наследство;
   - выплаты по решению суда;
   - компенсации за ущерб жизни, здоровью или имуществу;
   - выходное пособие, компенсации по трудовому договору;
   - материнский капитал, социальные выплаты или пособия;
   - гранты в форме субсидий.

При этом повышенная выплата не влияет на лимит 1,4 млн рублей для других вкладов, но общая сумма компенсации не может превышать 10 млн рублей."
414,Как выгодно использовать распродажи при подготовке к школе или к Новому году?,"При подготовке к школе или Новому году можно выгодно использовать распродажи, следуя нескольким простым правилам:

1. **Следите за распродажами** – многие магазины предлагают скидки и акции в конце лета, а также на зимних распродажах. Это отличный момент для покупки школьных принадлежностей, одежды, обуви и техники. Однако перед покупкой сравнивайте цены в разных магазинах, чтобы не попасться на маркетинговые уловки.

2. **Покупайте на вырост** – если речь о школьной форме или обуви, выбирайте вещи с запасом. Некоторые магазины предлагают скидки весной и гарантируют обмен до сентября, что особенно удобно, если ребенок быстро растет.

3. **Не ведитесь на предпраздничные скидки** – перед праздниками цены могут искусственно завышаться, а затем «снижаться» с помощью скидок. Проверяйте реальную стоимость товаров заранее, чтобы не переплатить.

4. **Сравнивайте цены** – перед покупкой изучите предложения в разных магазинах, чтобы найти лучшую цену. Это поможет сэкономить на подарках, продуктах и других новогодних покупках.

5. **Планируйте бюджет заранее** – определите, сколько готовы потратить на подготовку к школе или празднику, и строго придерживайтесь этой суммы. Это поможет избежать лишних трат и не выйти за рамки бюджета.

6. **Не набирайте лишнего** – составляйте список необходимых покупок и придерживайтесь его, чтобы не поддаться импульсным покупкам.

Следуя этим советам, можно сэкономить и сделать подготовку к школе или Новому году более выгодной."
415,"Что делать, если в полисе ОСАГО указан неправильный КБМ, и когда начнут действовать исправления?","Если в полисе ОСАГО указан неправильный коэффициент бонус-малус (КБМ), выполните следующие шаги:

1. **Проверьте данные в НСИС**
   - Зайдите в личный кабинет на сайте НСИС и убедитесь, что в вашей страховой истории нет ошибок (например, неверный КБМ или чужие аварии).
   - Если ошибка в базе НСИС, обратитесь в страховую компанию, которая передала неверные данные, или напрямую в НСИС через раздел «Сообщить об ошибке в данных».

2. **Обратитесь в страховую компанию**
   - Напишите заявление в страховую компанию, где оформлен полис, с требованием пересчитать стоимость на основании правильного КБМ.
   - Укажите реквизиты счета для возврата переплаты.
   - Страховщик обязан внести изменения в договор или выдать новый полис в течение 2 рабочих дней.

3. **Сроки возврата и исправления**
   - Если стоимость полиса уменьшится, страховщик должен вернуть разницу в течение 14 календарных дней.
   - Если доплата не требуется, изменения вступят в силу сразу после подачи заявления.
   - Если стоимость увеличится, исправления начнут действовать только после внесения доплаты.

4. **Если страховщик не реагирует**
   - В течение 15 рабочих дней страховщик должен ответить на ваше заявление. Если он не отреагировал или отказал, обратитесь к финансовому омбудсмену или в интернет-приемную Банка России.

5. **Возврат переплаты за прошлые полисы**
   - Вы можете вернуть переплату за все страховки, оформленные в последние три года, если ошибка в КБМ повлияла на их стоимость.

Если ошибка в базе НСИС, исправления вступят в силу после проверки (до 30 дней)."
416,"Как распознать обман, когда обещают компенсации за прошлые потери?","Чтобы распознать обман, когда вам обещают компенсации за прошлые потери, обратите внимание на следующие признаки:

1. **Требование оплаты за услуги**
   Мошенники часто просят заплатить «госпошлину», «налог» или «комиссию» за оформление компенсации. Например, они могут утверждать, что для возврата денег нужно оплатить 10% от суммы или «услуги юриста». На самом деле, такие платежи — способ обмануть вас.

2. **Использование громких названий**
   Аферисты могут выдавать себя за сотрудников мифических организаций, таких как «Центр Поддержки Пострадавших от Действий Мошенников» или «Служба Финансового Мониторинга». Проверьте существование такой компании в государственном реестре юридических лиц.

3. **Подозрительные контакты**
   Если вам звонят с неизвестного номера, предлагают компенсацию за потери в финансовых пирамидах или лотерейных схем, это повод насторожиться. Мошенники часто используют базы данных обманутых людей, чтобы снова их обмануть.

4. **Поддельные документы и отзывы**
   Если вам присылают «документы о компенсации» с цифрами и буквами, это может быть фишинг. Также стоит проверить, есть ли в интернете реальные отзывы о компании. Множество однотипных хвалебных отзывов — признак подделки.

5. **Агрессивная реклама и давление**
   Мошенники могут активно рекламировать свои «услуги» через интернет, звонки или рассылки. Они могут представляться юристами или ссылаться на законы, но их обещания не имеют под собой оснований.

**Что делать?**
- Не переводите деньги и не указывайте реквизиты карты.
- Проверьте информацию о компании в государственных реестрах.
- Обратитесь в официальные органы (например, в Центробанк или полицию) для проверки предложения.

Если в предоставленной базе знаний нет информации по вашему вопросу, вежливо сообщите: «В предоставленной базе знаний нет информации по вашему вопросу»."
417,"Какой кредитный рейтинг должен иметь МФО для долгосрочных вложений с учетом того, что такие инвестиции не страхуются государством?","Для долгосрочных вложений в микрофинансовые организации (МФО) рекомендуется выбирать компании с кредитным рейтингом не ниже **«ВВВ—»**. Это связано с тем, что инвестиции в МФО не защищены государственной системой страхования вкладов, поэтому важно минимизировать риски, отдавая предпочтение более надежным организациям.

Также стоит регулярно проверять актуальность рейтинга на сайтах рейтинговых агентств, так как финансовое положение МФО может меняться."
418,"Какие ограничения на досрочный выход из сделки указаны для векселя, а также для участия в аукционе заблокированных активов?","Для векселя и участия в аукционе заблокированных активов действуют следующие ограничения:

1. **Вексель**:
   - **Досрочное погашение невозможно**. Если на векселе указан конкретный срок погашения, до этой даты деньги получить нельзя.
   - В случае отзыва лицензии у банка-векселедателя векселедержатели относятся к третьей очереди кредиторов, что означает низкий приоритет при возврате средств. Денег может не хватить на всех.

2. **Аукцион заблокированных активов**:
   - **Ограничение на сумму продажи**: Один человек может выставить на продажу активы на общую сумму до 100 000 рублей.
   - **Необратимость заявки**: После подачи заявки на участие в торгах отозвать её нельзя.
   - **Негарантированная продажа**: Заблокированные активы объединяются в лоты, и не все из них могут быть выкуплены иностранными инвесторами. Ваши бумаги могут попасть в нераспроданные лоты.
   - **Сроки и процедура**:
     - Заявки на продажу принимаются с 25 марта по 8 мая 2024 года (брокеры могут установить более короткие сроки).
     - Аукцион запланирован на 12 августа 2024 года, а выручка будет переведена владельцам до 1 сентября 2024 года.
   - **Участие необязательно**: Инвестор сам решает, хочет ли он продавать бумаги.

Если у вас есть дополнительные вопросы, уточните их!"
419,"Попадают ли деньги в доверительном управлении, на брокерском счете и в структурном депозите под страхование вкладов?","Нет, деньги, переданные в доверительное управление, размещенные на брокерском счете или вложенные в структурный депозит, **не попадают** под систему страхования вкладов.

1. **Доверительное управление** – средства, переданные банкам в доверительное управление, не защищены государственной страховкой.
2. **Брокерский счет** – деньги на брокерском счете не застрахованы, и в случае банкротства брокера клиент рискует потерять средства. Рекомендуется быстро вкладывать их в ценные бумаги или выводить на банковский счет.
3. **Структурный депозит** – если он предлагается банком, сумма вклада (без процентов) защищена страхованием вкладов до 1,4 млн рублей. Однако если структурный депозит приобретен через другие компании (например, брокеров или управляющих), страховка не действует.

Таким образом, только часть средств в структурном депозите (если он банковский) может быть застрахована, а деньги в доверительном управлении и на брокерском счете – нет."
420,Как госпоручительство помогает оформить заем?,"Госпоручительство помогает оформить заем, предоставляя дополнительные гарантии банку или МФО, что долг будет погашен даже в случае невозможности платежей заемщиком. Вот как это работает:

1. **Поручительство Корпорации МСП**
   - Покрывает до 50% суммы кредита (до 1 млрд рублей) на срок до 10 лет.
   - Бесплатно для заемщика (комиссию платит банк).
   - Можно оформить одновременно с кредитом в банке-партнере Корпорации МСП.

2. **Поручительства региональных гарантийных организаций (РГО)**
   - Покрывают до 70% суммы кредита (обычно до 25 млн рублей, в некоторых регионах — до 100 млн рублей).
   - Платные — от 0,5 до 3% годовых от суммы гарантии.
   - Подходят для малого и среднего бизнеса, а также самозанятых.

3. **Совместные поручительства**
   - Можно комбинировать поручительства Корпорации МСП и РГО, что увеличивает покрытие до 70–90% кредита.

Госпоручительство снижает риски для кредитора, что повышает шансы на одобрение займа, особенно если у заемщика нет достаточного залога."
421,Как мошенники получают данные банковских карт через поддельные сайты?,"Мошенники получают данные банковских карт через поддельные сайты, используя несколько основных методов:

1. **Создание фишинговых страниц** – мошенники копируют сайты известных сервисов (банков, магазинов, порталов объявлений), чтобы пользователи вводили реквизиты карт, считая, что находятся на официальной странице. Эти сайты могут отличаться от оригинальных всего несколькими символами в адресе.

2. **Рассылка поддельных ссылок** – злоумышленники отправляют ссылки на фишинговые сайты через мессенджеры, соцсети, email или даже под видом знакомых (взломанных аккаунтов). Пользователи, перейдя по ссылке, попадают на поддельный сайт и вводят данные карты.

3. **Установка вредоносных программ** – иногда при переходе по ссылке на фишинговый сайт автоматически загружается вирус, который крадет данные карт, пароли и коды доступа к онлайн-банку.

4. **Использование социальной инженерии** – мошенники могут запугивать пользователей (например, звонками «из банка» о якобы подозрительных операциях) или обещать выигрыши, чтобы заставить ввести данные карты на поддельном сайте.

**Как защититься:**
- Внимательно проверяйте адресную строку сайта перед вводом данных.
- Не переходите по ссылкам из подозрительных сообщений.
- Устанавливайте антивирусные программы и обновляйте их.
- Используйте только официальные приложения банков и сервисов."
422,Как удостовериться в легальности кредитора перед заявкой?,"Чтобы удостовериться в легальности кредитора перед подачей заявки, выполните следующие шаги:

1. **Проверьте, входит ли организация в государственный реестр МФО**
   - Убедитесь, что кредитор зарегистрирован в реестре микрофинансовых организаций на сайте Банка России. Если его там нет, это мошенники.
   - В поисковых системах «Яндекс» и Mail.ru легальные МФО отмечены синим кружком с галочкой. Если галочки нет, сайт может быть нелегальным.

2. **Проверьте принадлежность к саморегулируемой организации (СРО)**
   - Узнайте, входит ли МФО в СРО, например, «Микрофинансовый альянс» или СРО «МиР». Если кредитора нет в реестрах этих организаций, это тревожный знак.
   - Для кооперативов (КПК) проверьте их реестр на сайте Банка России.

3. **Изучите репутацию и историю компании**
   - Поищите информацию о кредиторе в интернете: давно ли он работает, какие отзывы есть у клиентов.
   - Если есть сомнения, позвоните в организацию и уточните детали.

4. **Проверьте документы и условия договора**
   - Внимательно изучите условия выдачи и возврата займа на сайте МФО.
   - Убедитесь, что договор не содержит скрытых комиссий или невыгодных условий.

5. **Проверьте реквизиты и контакты**
   - Убедитесь, что реквизиты компании совпадают с теми, что указаны в уведомлениях.
   - Если кредитор требует документы или платежи до подписания договора, это может быть признаком мошенничества.

Если кредитор не проходит хотя бы один из этих проверок, лучше отказаться от сотрудничества."
423,Покроет ли страховка ответственности кражу из банковской ячейки?,В предоставленной базе знаний нет информации по вашему вопросу.
424,Как избежать потерь при онлайн‑покупках вне официальных магазинов?,"Чтобы избежать потерь при онлайн-покупках вне официальных магазинов, следуйте этим рекомендациям:

1. **Проверяйте сайт перед оплатой**
   - Убедитесь, что адрес начинается с **https://** и есть значок закрытого замка в адресной строке.
   - Сравните сайт с официальным, чтобы не попасть на поддельный (клон).

2. **Используйте защищенные способы оплаты**
   - Заведите отдельную карту или электронный кошелек, пополняйте его только на сумму заказа.
   - При покупке на маркетплейсах используйте их платежные сервисы.

3. **Будьте осторожны с незнакомыми ссылками**
   - Не переходите по ссылкам из рассылок, сообщений или чатов — лучше введите адрес магазина вручную.
   - Не вводите данные карты на сайтах, которые прислали вам посторонние.

4. **Проверяйте отзывы и контакты**
   - Изучите репутацию магазина: поищите отзывы, проверьте контакты и данные владельца.
   - Если сайт предлагает скидки, которые кажутся слишком хорошими, скорее всего, это мошенничество.

5. **Избегайте общения с продавцами вне площадки**
   - Не переходите в соцсети или мессенджеры для обсуждения заказа — это повышает риск обмана.
   - Если покупаете на сайте объявлений, используйте их платежный сервис.

6. **Берегите персональные данные**
   - Не раскрывайте реквизиты карты или коды из СМС незнакомцам.
   - Если ввели данные на подозрительном сайте, сразу заблокируйте карту.

Следуя этим правилам, вы снизите риск потери денег при покупках вне официальных магазинов."
425,Что может покупать неквалифицированный инвестор без тестов с учетом ограничений на иностранные бумаги?,"Неквалифицированный инвестор может покупать следующие ценные бумаги **без тестирования** с учетом текущих ограничений на иностранные активы:

1. **Государственные облигации России** (ОФЗ и региональные облигации), за исключением бумаг с нефиксированным доходом.
2. **Корпоративные облигации** с высоким кредитным рейтингом.
3. **Акции российских компаний** из котировальных списков.
4. **Акции иностранных компаний**, входящие в расчет известных биржевых индексов из перечня Банка России (но только из стран ЕАЭС с 1 января 2025 года).
5. **Паи всех биржевых, открытых и интервальных ПИФов**, а также закрытых паевых фондов, которые вкладывают деньги в биржевые активы.
6. **Паи российских БПИФов** (биржевых паевых инвестиционных фондов).
7. **Паи иностранных ETF**, если они:
   - Входят в первый или второй котировальные списки российских бирж,
   - Привязаны к ведущим зарубежным индексам, а создатель фонда гарантирует мгновенный выкуп паев по требованию клиентов российской биржи,
   - Не связаны с недружественными странами.

**Ограничения:**
- С 1 января 2025 года неквалифицированные инвесторы смогут покупать иностранные акции и облигации только из стран ЕАЭС.
- Для сделок с иностранными акциями, не входящими в котировальные списки или индексы, требуется тестирование.
- Некоторые иностранные ETF могут быть недоступны из-за риска блокировки.

Для более рискованных или сложных инструментов (например, акций без котировок или иностранных ETF из недружественных стран) потребуется **специальное тестирование**."
426,Зачем сравнивать условия разных банков или сервисов перед крупной тратой?,"Сравнивать условия разных банков или сервисов перед крупной тратой важно по нескольким причинам:

1. **Выгодные ставки и комиссии** – разные банки предлагают разные процентные ставки, комиссии и дополнительные условия. Сравнение поможет выбрать наиболее выгодное предложение и сэкономить на переплате.

2. **Гибкость условий** – некоторые банки могут предлагать более удобные способы погашения (например, аннуитетные или дифференцированные платежи), льготные периоды или возможность досрочного погашения без штрафов.

3. **Дополнительные услуги** – при оформлении кредита или карты банки могут предлагать страхование, кэшбэк, бонусы или другие преимущества. Сравнение поможет выбрать наиболее подходящий пакет услуг.

4. **Требования к заемщику** – у каждого банка свои критерии (возраст, доход, кредитная история). Сравнение условий позволит выбрать банк, который одобрит вашу заявку.

5. **Риски и скрытые условия** – некоторые банки могут предлагать заманчивые ставки, но с дополнительными требованиями (например, обязательное страхование или зарплатный счет). Сравнение поможет избежать неожиданных расходов.

6. **Удобство оформления** – на сайтах финансовых маркетплейсов можно быстро сравнить предложения и даже оформить кредит онлайн, не посещая банк.

Таким образом, сравнение условий разных банков позволяет выбрать наиболее выгодный и удобный вариант, минимизировать переплату и избежать нежелательных условий."
427,"Как избежать лишних платных сервисов при микрозайме, а также в какой срок можно от них отказаться после подписания?","Чтобы избежать лишних платных сервисов при оформлении микрозайма, следуйте этим рекомендациям:

1. **Внимательно изучайте договор** – проверяйте, не проставлены ли заранее галочки в полях рядом с дополнительными услугами. По закону МФО не вправе включать их в договор по умолчанию.
2. **Отказывайтесь от ненужных услуг сразу** – не подписывайте отдельные договоры (например, на страхование), если они вам не нужны.
3. **Используйте период охлаждения** – в течение **30 дней** после оформления займа вы можете отказаться от допуслуг и вернуть за них деньги. Для этого подавайте заявление поставщику услуги (например, через сайт или приложение МФО).

Если после подписания договора вам навязали ненужные сервисы, МФО обязана отправить уведомление со списком купленных услуг. В течение 30 дней вы можете от них отказаться, приложив к заявлению копии паспорта, договора и документов об оплате.

Если компания не вернет деньги в течение месяца, обращайтесь в банк или к финансовому омбудсмену."
428,Как отличается период охлаждения по кредитным страховкам от сроков возврата ИСЖ или НСЖ на небольшую сумму?,"Период охлаждения по кредитным страховкам и инвестиционным/накопительным страхованиям жизни (ИСЖ/НСЖ) на небольшие суммы имеет ключевые различия:

1. **Кредитные страховки**:
   - Период охлаждения составляет **30 дней** (если страховка оформляется вместе с кредитом или займом).
   - В течение этого срока можно отказаться от полиса и вернуть всю уплаченную сумму, включая комиссию банка.

2. **ИСЖ/НСЖ на небольшие суммы (менее 1,5 млн рублей)**:
   - Если страховка оплачена **разово**, период охлаждения — **30 дней**.
   - Если платежи **регулярные**, период охлаждения длится **до третьего взноса**, но не менее **4 недель**.
   - После периода охлаждения вернуть деньги можно только в виде **выкупной суммы**, которая зависит от условий договора и срока действия полиса.

Таким образом, по кредитным страховкам период охлаждения фиксированный (30 дней), а по ИСЖ/НСЖ он может быть дольше, но после его окончания возвращаются только частичные суммы."
429,Какой налоговый режим выбрать ИП для минимальной отчетности с учетом риска личным имуществом?,"Для ИП, который хочет минимизировать отчетность и снизить риски потери личного имущества, лучше всего подойдут следующие налоговые режимы:

1. **Налог на профессиональный доход (НПД)** – доступен, если доход не превышает 2,4 млн рублей в год и нет наемных сотрудников. Это самый простой вариант с минимальной отчетностью, но он подходит только для самозанятых.

2. **Патентная система налогообложения (ПСН)** – подходит для ИП, которые хотят платить фиксированную сумму за патент, а не вести сложную отчетность. Однако доход по всем патентам не должен превышать 60 млн рублей в год.

3. **Упрощенная система налогообложения (УСН)** – удобна для малого бизнеса с доходом до 450 млн рублей в год и числом сотрудников не более 130. Отчетность проще, чем на общем режиме, но сложнее, чем на ПСН или НПД.

**Риски потери личного имущества** – если бизнес прогорит, ИП может отвечать по долгам своим имуществом. Чтобы снизить этот риск, можно:
- Ограничить личную ответственность, например, через страхование.
- В будущем, если бизнес вырастет, рассмотреть переход на ООО, где личная ответственность предпринимателя не распространяется на его имущество.

Если ваш бизнес небольшой и не требует наемных работников, **НПД или ПСН** – лучшие варианты. Если же доходы выше или планируется расширение, **УСН** будет более гибким выбором."
430,Учитывается ли доход по обезличенным металлическим счетам при расчёте НДФЛ по вкладам?,"Нет, доход по обезличенным металлическим счетам (ОМС) **не учитывается** при расчёте налога на доходы по вкладам.

ОМС — это отдельный вид инвестиций, и прибыль от них не суммируется с доходами по обычным банковским вкладам. Однако если вы закрываете ОМС **раньше, чем через три года**, с разницы между ценой покупки и продажи металла придётся заплатить НДФЛ (13%). Если же счёт открыт **более трёх лет**, налог не взимается.

Таким образом, ОМС не влияют на расчёт налога по вкладам, но от них зависит ставка налога на инвестиционный доход."
431,Как правильно проверять подлинность банкнот при расчетах наличными с последующим обращением при сомнениях?,"При проверке подлинности банкнот при расчетах наличными и последующем обращении при сомнениях следует действовать по следующим правилам:

1. **Проверка до получения денег**
   - Перед тем как передать деньги кассиру, уточните, будет ли взиматься комиссия, и уточните итоговую сумму.
   - Пересчитайте банкноты перед тем, как положить их в лоток кассы.

2. **Проверка полученных денег**
   - Внимательно пересчитайте полученные деньги, не отходя от кассы.
   - Убедитесь, что вам выдали справку об обмене (если речь идет о валютных операциях), и проверьте правильность указанных данных.

3. **Проверка подлинности банкнот**
   - Если есть сомнения, проверьте банкноту на наличие защитных признаков:
     - **Водяные знаки** (изображения, видные на просвет).
     - **Защитная нить** (тонкая полоса с числами номинала, на пятитысячной купюре — с кинетическим эффектом).
     - **Переливающиеся гербы** (при наклоне банкноты).
     - **Выпуклый рельеф** (эмблема Банка России, текст «Билет Банка России» и штрихи по краям).
     - **Микронадписи и рисунки** (различные элементы, видимые под лупой).

4. **Действия при обнаружении подозрительной банкноты**
   - **Не пытайтесь расплатиться подозричной купюрой** — это может привести к проблемам с полицией.
   - **Отнесите сомнительную банкноту в любой банк** для бесплатной экспертизы. Если купюра подлинная, но повреждена, банк выдаст новую. Если подделка — ее стоимость не возмещается.

5. **Подача претензии**
   - Если что-то пошло не так (например, банк изъял ваши деньги), подайте претензию в банк. Это можно сделать в отделении или через электронную почту.

Особое внимание уделите крупным купюрам (особенно пятитысячным), так как их чаще подделывают."
432,"Почему сделки на бирже безопаснее, чем внебиржевые?","Сделки на бирже безопаснее, чем внебиржевые, по нескольким причинам:

1. **Регулирование и проверка участников** – Биржа допускает к торгам только проверенные компании и ценные бумаги, что снижает риск мошенничества. Внебиржевая торговля не подразумевает такой проверки, и стоимость бумаг может сильно отличаться от рыночной.

2. **Гарантии исполнения обязательств** – Биржа берет на себя обязательства по сделкам. Если одна из сторон откажется выполнять условия контракта, биржа компенсирует убытки другой стороне. Внебиржевые сделки не имеют такой защиты.

3. **Надежность ценообразования** – На бирже сделки проводятся по рыночной цене, так как там много участников. Внебиржевые сделки могут быть менее прозрачными, и цена может не соответствовать реальной стоимости.

4. **Минимизация рисков мошенничества** – Торговля через лицензированных брокеров снижает риск столкнуться с мошенниками. Внебиржевые сделки, особенно без посредников, более уязвимы к обману.

Таким образом, биржа обеспечивает большее доверие и защиту для инвесторов."
433,Как различаются лимиты возмещения по банковским вкладам по сравнению с добровольной пенсией в НПФ?,"Лимиты возмещения по банковским вкладам и добровольной пенсии в НПФ различаются следующим образом:

1. **Банковские вклады**:
   - Максимальная сумма страхового возмещения составляет **1,4 млн рублей** (по состоянию на 2024 год).
   - Компенсация выплачивается в случае отзыва лицензии у банка или его банкротства.

2. **Добровольная пенсия в НПФ**:
   - Лимит возмещения — **2,8 млн рублей**, включая инвестиционный доход.
   - Если НПФ обанкротится или лишится лицензии, Агентство по страхованию вкладов (АСВ) выплатит компенсацию в пределах этого лимита.
   - Для получателей пенсии государство гарантирует выплаты в размере **не более четырёх социальных пенсий по старости**.

Таким образом, лимит по НПФ выше, чем по банковским вкладам, но при этом включает дополнительные условия, связанные с инвестиционным доходом и пенсионными выплатами."
434,Почему страховка дороже при оплате через кредит?,"Страховка дороже при оплате через кредит, потому что на стоимость полиса начисляются проценты. Банки часто предлагают включить страховку в общую сумму кредита, но в этом случае она обходится дороже, так как проценты по кредиту начисляются не только на основную сумму займа, но и на стоимость страхового полиса.

Кроме того, банки могут брать комиссию за оформление страховки, особенно если это коллективная страховка. В некоторых случаях комиссия может достигать 80% от стоимости услуги, и банк не обязан возвращать ее при досрочном погашении кредита.

Если вы хотите сэкономить, можно оформить страховку напрямую у страховой компании, а не через банк. Это может быть дешевле, так как банки часто предлагают полисы от «родственных» страховых компаний, которые могут быть дороже."
435,Какой предел льготной части кредита действует при совмещении «ипотеки от застройщика» с господдержкой?,"При совмещении «ипотеки от застройщика» с господдержкой предел льготной части кредита зависит от региона:

- **В Москве, Санкт-Петербурге, Московской и Ленинградской областях** — до **12 млн рублей** под льготную ставку.
- **В других регионах** — до **6 млн рублей** под льготную ставку.

Остальная сумма кредита будет оформлена по обычной ставке. Также важно учитывать, что льготные программы имеют дополнительные требования, например, по первоначальному взносу (не менее 20%) и срокам кредитования (обычно до 30 лет)."
436,"Как учесть страховые платежи при планировании бюджета семьи, когда страховка на жилье обязательна?","При планировании семейного бюджета, когда страховка на жилье является обязательной, важно учесть несколько ключевых моментов:

1. **Включите страховые платежи в ежемесячные или ежегодные расходы**. Например, если страховка оплачивается раз в год, разделите сумму на 12 месяцев и заложите эту часть в бюджет. Это поможет избежать неожиданных трат.

2. **Учитывайте дополнительные страховки**. Если вы оформляете ипотеку, банк может требовать не только страхование жилья, но и титульное страхование (на случай оспаривания права собственности). Также можно рассмотреть страхование от мелких повреждений (например, ремонт после аварий или действий животных).

3. **Сравните предложения страховых компаний**. Разные полисы могут иметь разные условия и стоимость. Выберите вариант, который оптимально подходит под ваш бюджет и покрывает необходимые риски.

4. **Используйте накопления или резервный фонд**. Если страховые платежи значительные, можно заранее откладывать деньги на них, чтобы не испытывать финансовых трудностей в момент оплаты.

5. **Проверьте возможность снижения процентов по кредиту**. Некоторые добровольные страховки (например, страхование жизни заемщика) могут снизить процентную ставку по ипотеке. Это поможет сэкономить в долгосрочной перспективе.

6. **Планируйте долгосрочные расходы**. Если страховка оформляется на несколько лет, заложите ее в годовой бюджет и распределите платежи равномерно.

Пример из контекста: семья Оксаны включила страхование жизни мужа (как единственного кормильца) в ежегодные расходы, а также заложила оплату полиса ОСАГО, который прилагался к страховке жизни. Это помогло им избежать финансовых сюрпризов."
437,"Почему кредитные рейтинги важны для облигаций, доступных неквалифицированным инвесторам?","Кредитные рейтинги важны для облигаций, доступных неквалифицированным инвесторам, по нескольким причинам:

1. **Оценка надежности эмитента** – рейтинг показывает, насколько вероятно, что компания или государство выполнит свои обязательства по выплате дохода и погашению облигаций. Для начинающих инвесторов это особенно важно, так как они обычно избегают высокорисковых вложений.

2. **Связь доходности и риска** – чем ниже рейтинг облигации, тем выше потенциальная доходность, но и выше риск неполучения выплат. Неквалифицированным инвесторам рекомендуется выбирать облигации с высокими рейтингами (от «А+» до «ААА»), чтобы минимизировать риски.

3. **Защита от потерь** – облигации с низкими рейтингами (например, «В» или ниже) могут быть нестабильными, особенно в условиях финансовых кризисов. Неквалифицированным инвесторам лучше избегать таких бумаг, чтобы не потерять деньги и не разочароваться в инвестициях.

4. **Доступность инструментов** – неквалифицированным инвесторам доступны только облигации с высокими рейтингами, так как более рискованные инструменты (например, структурные облигации или бумаги с рейтингом ниже «А+») требуют статуса квалифицированного инвестора.

Таким образом, кредитные рейтинги помогают начинающим инвесторам выбирать надежные облигации, снижая риски и обеспечивая стабильный доход."
438,Чем отличается отмена операции через сервис «второй руки» от возврата ошибочного перевода?,"Отмена операции через сервис «второй руки» и возврат ошибочного перевода — это разные механизмы, которые решают разные задачи.

1. **Отмена операции через сервис «второй руки»**
   - Это профилактическая мера, которая помогает предотвратить мошеннические или подозрительные переводы.
   - Сервис позволяет назначить доверенное лицо (например, сына Ольги Петровны), которое в течение 12 часов может одобрить или отклонить крупную операцию.
   - Если доверенное лицо не одобрит перевод, операция будет автоматически отменена банком.
   - Применяется до того, как деньги уйдут на счет получателя.

2. **Возврат ошибочного перевода**
   - Это процедура, которая применяется после того, как деньги уже были переведены по ошибке.
   - Если перевод уже совершен, банк не может его отменить, так как деньги уже попали на счет получателя.
   - В этом случае нужно связаться с получателем и попросить вернуть сумму добровольно.
   - Если получатель отказывается, можно подать в суд на основании Гражданского кодекса (неосновательное обогащение).
   - В некоторых случаях банк может помочь вернуть деньги, если они попали на несуществующие реквизиты или специальный счет для невыясненных операций.

**Вывод:**
Сервис «второй руки» помогает предотвратить ошибку до того, как она произойдет, а возврат ошибочного перевода — это уже реагирование на уже совершенную ошибку."
439,Как правильно проводить расчеты при продаже ипотечной квартиры?,"При продаже ипотечной квартиры расчеты должны проходить через банк, в котором оформлена ипотека, чтобы минимизировать риски для всех сторон. Вот основные способы и этапы проведения расчетов:

1. **Заключение договоров**:
   - Продавец и покупатель вместе с банком подписывают договор купли-продажи, где указывается порядок расчетов, сумма долга продавца и оставшаяся сумма, которую получит продавец.
   - Если покупатель берет на себя долг продавца, оформляется соглашение о переводе кредита.

2. **Способы расчетов**:
   - **Банковская ячейка**: Покупатель вносит деньги в ячейку, доступ к которой открывается после регистрации перехода права собственности.
   - **Аккредитив**: Банк блокирует средства покупателя и переводит их продавцу только после выполнения условий сделки.
   - **Счет эскроу**: Деньги хранятся на специальном счете до завершения сделки.
   - **Номинальный счет**: Используется счет дочерней компании банка для безопасного хранения средств.

3. **Погашение долга продавца**:
   - В первую очередь средства покупателя идут на погашение ипотеки продавца, после чего недвижимость выходит из залога.
   - Если сумма сделки больше долга, оставшиеся деньги передаются продавцу.

4. **Регистрация перехода права собственности**:
   - Документы направляются в Росреестр для переоформления квартиры на покупателя.
   - Если покупатель берет новую ипотеку, жилье переходит в залог его банка.

5. **Получение средств продавцом**:
   - После регистрации сделки продавец получает оставшуюся сумму (если она есть) через выбранный способ расчетов.

Важно: все этапы должны контролироваться банком, чтобы обеспечить безопасность сделки для обеих сторон."
440,"Почему доходность накопительной части государственной пенсии невысока, а займы вне банка обычно обходятся дороже?","Доходность накопительной части государственной пенсии невысока, потому что государственные пенсионные фонды (СФР) и негосударственные пенсионные фонды (НПФ) инвестируют средства в предельно надежные, но малорискованные финансовые инструменты. Это позволяет минимизировать риски потерь, но ограничивает потенциальную прибыль. Обычно доходность таких вложений находится на уровне инфляции, что означает, что деньги не обесцениваются, но и не прирастают значительно.

Что касается займов вне банка, они обычно обходятся дороже, потому что такие кредиторы (например, микрофинансовые организации, частные лица или нерегулируемые финансовые структуры) работают с более высокими рисками. Они компенсируют эти риски за счет повышенных процентных ставок. Кроме того, такие займы часто не имеют жесткого регулирования, что позволяет кредиторам устанавливать более высокие ставки по сравнению с банковскими продуктами."
441,"Какие шаги нужно сделать после несанкционированного списания с карты, включая сроки обращения?","Если с вашей банковской карты произошла несанкционированная операция, действуйте следующим образом:

1. **Немедленно заблокируйте карту**
   - Позвоните в банк (номер указан на обороте карты) и сообщите о мошеннической операции.
   - Заблокируйте карту через мобильное приложение или интернет-банк, если доступно.

2. **Обратитесь в банк**
   - В тот же день или на следующий после уведомления о списании посетите отделение банка.
   - Запросите выписку по счету и напишите заявление о несогласии с операцией. Сохраните копию заявления с отметкой банка.

3. **Обратитесь в полицию**
   - Напишите заявление о хищении в правоохранительные органы. Сроки могут варьироваться, но обычно это 1–2 дня.

4. **Сроки обращения**
   - Банк должен быть уведомлен не позднее следующего дня после списания.
   - Банк рассмотрит заявление в течение 30 дней (60 дней для международных операций).

5. **Возврат денег**
   - Банк вернет деньги, если вы соблюдали правила безопасности (не сообщали ПИН-код, не хранили его вместе с картой и т. д.).
   - Если банк докажет вашу вину, возврат невозможен.

Если банк затягивает рассмотрение или отказывает, можно пожаловаться в Банк России."
442,В каких случаях есть смысл обращаться в суд при ошибочном переводе либо участии в пирамиде?,"Вот в каких случаях имеет смысл обращаться в суд при ошибочном переводе или участии в финансовой пирамиде:

1. **Ошибочный перевод**
   - Если вы перевели деньги по ошибке (например, неверные реквизиты) и получатель отказывается добровольно вернуть сумму, можно подать иск в суд, ссылаясь на **неосновательное обогащение** (ст. 1102 Гражданского кодекса).
   - Для этого нужно собрать доказательства: скриншоты перевода, переписку с получателем, выписки по счету и т. д.

2. **Участие в финансовой пирамиде**
   - Если компания, в которую вы вложили деньги, признана пирамидой, можно подать иск о возврате вложений.
   - Возврат возможен, если организация объявлена банкротом и ее активы распродаются. В этом случае компенсация может быть частичной.
   - Максимальная сумма возмещения — **35 000 рублей** (для ветеранов и инвалидов ВОВ — до 250 000 рублей).
   - Помощь в судебных разбирательствах могут оказать организации, такие как **Федфонд** или **ФинПотребСоюз**.

3. **Мошенничество**
   - Если вас обманули (например, через финансовую пирамиду или телефонное мошенничество), нужно обратиться в полицию и прокуратуру, а затем подать иск в суд.
   - В иске можно требовать не только возврат денег, но и компенсацию **морального вреда** (например, из-за стресса или ущерба репутации).

**Важно:** Суд — это длительный и затратный процесс, но если сумма значительная, а доказательства убедительны, стоит попробовать."
443,Что безопаснее для сохранности активов — доверительное управление или брокерское обслуживание?,"Согласно предоставленной информации, доверительное управление (ДУ) и брокерское обслуживание имеют разные уровни безопасности для сохранности активов.

**Доверительное управление:**
- Право собственности на активы всегда остается у клиента, даже при заключении договора с управляющим.
- В случае банкротства управляющего можно просто перевести активы другому управляющему или брокеру.
- Индивидуальные стратегии ДУ подходят для состоятельных клиентов, готовых вложить крупные суммы (сотни тысяч рублей), но комиссия может достигать 5% от суммы активов.

**Брокерское обслуживание:**
- В договоре с брокером часто есть пункт, позволяющий ему временно «одалживать» деньги и ценные бумаги клиентов для собственных сделок.
- В случае банкротства брокера есть вероятность потерять все средства.
- Можно запретить брокеру пользоваться активами, но это повысит стоимость обслуживания.

**Вывод:**
Доверительное управление считается более безопасным вариантом, так как активы остаются в собственности клиента, и их можно легко перевести к другому управляющему. Брокерское обслуживание сопряжено с рисками, особенно если брокер использует активы клиентов в своих сделках."
444,Как кредитные каникулы отражаются на кредитной истории с учетом новых сроков хранения записей?,"Кредитные каникулы не портят кредитную историю. Информация о них вносится в кредитную историю, но не ухудшает её. Если после каникул вы продолжите исправно вносить платежи по новому графику, ваш статус надежного заемщика сохранится.

Однако если вы нарушите условия каникул (например, задержите уменьшенные платежи или вовсе не будете их вносить), это ухудшит ваш кредитный рейтинг.

Согласно новым правилам, данные о кредитах и займах хранятся 7 лет с момента последнего изменения (например, закрытия долга). Если вы взяли каникулы, но затем продолжили платить по новому графику, запись о каникулах останется в истории, но не повлияет на ваш рейтинг, если вы соблюдаете условия.

Если же каникулы были связаны с просрочками, то после их окончания важно исправно вносить платежи, чтобы избежать негативного влияния на кредитную историю."
445,Зачем в бизнес-плане заранее прописывать действия на случай ухудшения условий?,"В бизнес-плане заранее прописывают действия на случай ухудшения условий, чтобы минимизировать риски и повысить шансы на получение кредита или инвестиций. Это помогает:

1. **Доказать банку или инвесторам надежность проекта** – если в плане есть антикризисные меры, это показывает, что предприниматель продумал возможные сложности и готов к ним.

2. **Подготовиться к неожиданным изменениям** – например, к санкциям, росту цен на сырье или падению спроса. Это позволяет быстрее адаптироваться и сохранить прибыль.

3. **Сохранить финансовую устойчивость** – наличие резервного плана (например, финансовой подушки) помогает пережить кризисные периоды без потерь.

4. **Убедить кредиторов в обоснованности заемных средств** – если в плане четко указано, на что пойдут деньги и как они вернутся, банк с большей вероятностью одобрит кредит.

Таким образом, заранее продуманные меры снижают риски и делают бизнес более устойчивым."
446,Какие первые шаги сделать при мошенническом списании с карты?,"При мошенническом списании с карты действуйте быстро и последовательно:

1. **Немедленно заблокируйте карту** – позвоните в банк по номеру на обороте карты или используйте мобильное приложение/интернет-банк. Это предотвратит дальнейшие операции.

2. **Запросите выписку по счету** – в отделении банка или через онлайн-сервис, чтобы подтвердить несанкционированные операции.

3. **Напишите заявление о несогласии с операцией** – обратитесь в банк с заявлением в тот же день или на следующий после уведомления о списании. Сохраните копию с отметкой о приеме.

4. **Обратитесь в полицию** – подайте заявление о хищении в отдел полиции или через портал МВД.

Если вы соблюдали правила безопасности (не передавали ПИН-код, не сообщали данные карты), банк обязан вернуть деньги в течение 30–60 дней. В противном случае можно оспорить решение в суде."
447,Как меняется порядок ответственности созаемщика против поручителя при смерти участника СВО?,"При смерти участника СВО порядок ответственности созаемщика и поручителя меняется следующим образом:

1. **Созаемщики**:
   - Если участник СВО был созаемщиком по кредиту, его обязательства прекращаются. Это касается и его членов семьи, находившихся на иждивении, а также совершеннолетних детей, родителей и усыновителей, если они не были созаемщиками.
   - Кредиты и займы списываются полностью, если участник СВО погиб или получил инвалидность I группы в ходе службы. Это также распространяется на поручительства, оформленные после 24 февраля 2022 года.

2. **Поручители**:
   - Если участник СВО был заемщиком, а поручитель не был созаемщиком, то его ответственность может сохраниться, но только в пределах стоимости наследства.
   - Поручитель вправе требовать возмещения расходов на погашение долга от наследников, но также в пределах стоимости полученного имущества.
   - Если участник СВО был застрахован, страховщик может погасить долг, но важно учитывать условия договора страхования.

Таким образом, созаемщики освобождаются от обязательств, а поручители могут нести ответственность, но с ограничениями."
448,Как созаемщик влияет на условия ипотеки по сравнению с поручителем?,"Созаемщик и поручитель по ипотеке влияют на условия кредита по-разному:

1. **Влияние на условия кредита**:
   - **Созаемщик** напрямую влияет на условия ипотеки. Банк проверяет его финансовое положение (доход, кредитная история, стаж работы) так же, как и основного заемщика. Чем выше доход и надежнее кредитная история созаемщика, тем больше сумму кредита может одобрить банк, а также возможна более низкая процентная ставка.
   - **Поручитель** почти не влияет на параметры кредита. Банк обычно лишь проверяет, подходит ли он по требованиям, но его доход и кредитная история не учитываются при расчете суммы и ставки.

2. **Ответственность и права**:
   - **Созаемщик** несет такую же ответственность, как и основной заемщик. Если последний не платит, долг автоматически переходит к созаемщику, и это отражается в его кредитной истории.
   - **Поручитель** обязан выплатить долг только в случае, если заемщик и созаемщик (если есть) не смогли это сделать. Однако его кредитная история не страдает, пока он не вступил в погашение долга.

3. **Документы и оформление**:
   - **Созаемщик** подписывает кредитный договор и, при необходимости, договор страхования. Ему могут потребоваться те же документы, что и заемщику (справка о доходах, трудовая книжка и т. д.).
   - **Поручитель** оформляет отдельный договор поручительства и предоставляет минимальный пакет документов (паспорт, справку о доходах, копию трудовой книжки).

Таким образом, если цель — улучшить условия ипотеки (увеличить сумму или снизить ставку), лучше привлекать созаемщика с хорошей кредитной историей и стабильным доходом. Поручитель же служит дополнительной гарантией, но не влияет на основные параметры кредита."
449,Почему многие страны перешли к инфляционному таргетированию и какую цель по инфляции выбрал Банк России?,"Многие страны перешли к инфляционному таргетированию, потому что стабильно низкая и предсказуемая инфляция создает условия для долгосрочного планирования в экономике. Это позволяет компаниям инвестировать в развитие, а людям — откладывать деньги на будущее, не опасаясь их обесценивания. В результате экономика развивается устойчиво и интенсивно.

Банк России выбрал цель по инфляции в **4%**. Этот уровень считается оптимальным для России, так как обеспечивает баланс между ценовой стабильностью и условиями для экономического роста. Центральный банк стремится удерживать инфляцию вблизи этой отметки, используя инструменты денежно-кредитной политики, включая ключевую ставку."
450,Как зафиксировать курс валюты для будущей закупки без покупки валюты сразу?,"Для фиксации курса валюты на будущую закупку без немедленной покупки можно использовать биржевые инструменты хеджирования, такие как **опционы** и **фьючерсы**.

1. **Опционы**
   Опцион дает право, но не обязывает, купить или продать валюту по заранее установленному курсу в определенный срок. Если курс валюты вырастет, вы сможете воспользоваться опционом и получить компенсацию разницы. Если курс упадет, вы просто не активируете опцион, но заплатите за него комиссию.

2. **Фьючерсы**
   Фьючерс — это обязательство купить или продать валюту по фиксированному курсу в будущем. Если курс вырастет, продавец фьючерса выплатит вам разницу, если упадет — вы компенсируете продавцу. Фьючерсы дешевле опционов, но более рискованны, так как требуют обязательного исполнения контракта.

Оба инструмента позволяют защититься от валютных рисков, не покупая валюту сразу. Выбор между ними зависит от ваших целей и уровня риска, который вы готовы принять."
451,Когда крупнейшие банки предоставят доступ к цифровому рублю по сравнению со статусом подключения банков к СБП?,"Крупнейшие банки предоставят своим клиентам возможность пользоваться цифровыми рублями с **1 сентября 2026 года**. Это на два года позже, чем они подключились к Системе быстрых платежей (СБП), которая уже доступна всем крупнейшим российским банкам.

Таким образом, цифровой рубль станет доступен позже, чем межбанковские переводы по номеру телефона через СБП, которые уже работают в банках-участниках."
452,Как работает период охлаждения для допуслуг к кредитам по сравнению с полисами ИСЖ?,"Период охлаждения для дополнительных услуг, оформленных вместе с кредитом, и для инвестиционного страхования жизни (ИСЖ) имеет несколько ключевых различий:

1. **Сроки периода охлаждения**:
   - Для дополнительных услуг, связанных с кредитом (например, страховка), период охлаждения составляет **30 дней**.
   - Для ИСЖ срок зависит от условий:
     - Если вы вложили **менее 1,5 млн рублей**, период охлаждения может быть **дольше стандартного** (например, до третьего взноса, но не менее 4 недель).
     - Для разовых платежей по ИСЖ — **30 дней**, для регулярных — до третьего взноса.

2. **Условия возврата**:
   - Для дополнительных услуг к кредитам в период охлаждения можно вернуть **полную сумму**, включая комиссии банка.
   - Для ИСЖ возвращают деньги, если:
     - Вложено **менее 1,5 млн рублей**,
     - Страховая компания гарантирует возврат **не менее 95%** при досрочном расторжении,
     - Клиент пропустил до **трех платежей**, но доплатил их в течение полугода.

3. **Особые случаи**:
   - Для дополнительных услуг к кредитам после периода охлаждения возврат возможен только при **досрочном погашении кредита** и выполнении определенных условий.
   - Для ИСЖ с октября 2024 года вводится **тестирование клиентов** на понимание рисков, кроме случаев, когда вклад **от 1,4 млн рублей** или клиент — квалифицированный инвестор.

Таким образом, период охлаждения для дополнительных услуг к кредитам более стандартный (30 дней), а для ИСЖ — гибкий, но с дополнительными условиями."
453,Чем отличаются по риску и доходности банковский вклад и инвестиции в ценные бумаги для пассивного дохода?,"Банковский вклад и инвестиции в ценные бумаги для пассивного дохода различаются по риску и доходности следующим образом:

1. **Банковский вклад**:
   - **Доходность**: Проценты по вкладу фиксированы и известны заранее, но обычно невысоки. Они могут не покрывать инфляцию.
   - **Риск**: Вклады в банках защищены государством в рамках системы страхования вкладов (до 1,4 млн рублей). Даже в случае банкротства банка вкладчик получит свои деньги.
   - **Надежность**: Наиболее безопасный способ сохранения и накопления средств.

2. **Инвестиции в ценные бумаги**:
   - **Доходность**: Может быть значительно выше, чем по вкладам, но не гарантирована. Доход зависит от рыночных условий, выбора активов и времени их покупки/продажи.
   - **Риск**: Нет государственной страховки, и существует вероятность потери вложений. Чем выше потенциальная доходность, тем выше риск.
   - **Вариативность**: Разные инструменты (акции, облигации, ПИФы, структурные облигации) имеют разный уровень риска. Например, облигации надежных эмитентов менее рискованны, чем акции.

**Вывод**:
- Если цель — сохранение средств с минимальным риском, лучше выбрать банковский вклад.
- Если готовы к риску и хотите потенциально более высокую доходность, можно инвестировать в ценные бумаги, но только после формирования финансовой подушки безопасности и изучения рынка."
454,Кто не сможет получить социальный налоговый вычет?,"Социальный налоговый вычет не смогут получить следующие категории граждан:

1. **Нерезиденты РФ** – люди, которые живут в России менее 183 дней в году.
2. **Граждане без официального дохода, облагаемого НДФЛ** – если у человека нет зарплаты или другого дохода, с которого удерживается налог на доходы физических лиц.
3. **Индивидуальные предприниматели (ИП) на специальных налоговых режимах** – если они не платят НДФЛ (например, на УСН, ЕНВД, патентной системе или как самозанятые).
4. **Люди, превысившие лимит социального вычета** – если сумма расходов, по которым оформляется вычет, превышает установленный лимит (150 000 рублей в год с 2024 года, за исключением благотворительности, обучения детей и дорогостоящего лечения).
5. **Те, кто не соблюдает условия программы долгосрочных сбережений (ПДС)** – например, если выплаты по счету начались раньше установленного срока (через 15 лет или при достижении пенсионного возраста).

Также вычет не предоставляется, если расходы не соответствуют установленным условиям (например, пожертвования сделаны в обмен на услуги или имущество)."
455,"Почему пенсионеры, а также бывшие жертвы пирамид становятся мишенью повторных афер?","Пенсионеры и бывшие жертвы финансовых пирамид часто становятся мишенью повторных афер по нескольким причинам:

1. **Доверчивость и желание вернуть потери**
   Пожилые люди чаще верят на слово, особенно если им представляются сотрудниками государственных организаций или юристами. Мошенники используют их надежду на возврат денег, предлагая «помощь» за комиссию, но после оплаты исчезают.

2. **Использование баз данных жертв**
   Аферисты ведут списки людей, которые уже попались на их схемы, и повторно предлагают им «компенсации» или «возврат средств». Те, кто однажды поверил в легкие деньги, могут снова поддаться на уговоры.

3. **Эмоциональная уязвимость**
   Пенсионеры, потерявшие сбережения, могут быть более податливыми, так как стремятся вернуть утраченные средства. Мошенники играют на их отчаянии, предлагая якобы легальные способы восстановления финансов.

4. **Имитация официальных организаций**
   Аферисты прикидываются сотрудниками банков, соцзащиты, финомбудсмена или юристами, чтобы выглядеть достоверно. Например, они могут звонить якобы из «Центра компенсаций» или предлагать оформить несуществующие надбавки к пенсии.

Таким образом, мошенники целенаправленно выбирают тех, кто уже стал жертвой обмана, рассчитывая на их доверчивость и желание вернуть потерянные деньги."
456,Как распознать фишинговый сайт при оплате онлайн?,"Чтобы распознать фишинговый сайт при оплате онлайн, следуйте этим рекомендациям:

1. **Проверьте адресную строку браузера**:
   - Убедитесь, что адрес начинается с **https://** (буква **s** означает защищенное соединение).
   - В конце адреса должен быть **значок закрытого замка** — это подтверждает шифрование данных.
   - Внимательно изучите доменное имя: мошенники часто используют похожие, но неверные адреса (например, **gosuslugi.ru@obman.com** или **www-gosuslugi.ru**).

2. **Изучите дизайн и контент сайта**:
   - Настоящие сайты обычно имеют качественный дизайн без орфографических ошибок, неработающих ссылок или небрежной верстки.
   - Если сайт выглядит подозрительно (например, слишком простой или с явными ошибками), это может быть фишинговый ресурс.

3. **Проверьте сертификат безопасности**:
   - Нажмите на значок замка в адресной строке и откройте информацию о сертификате.
   - Убедитесь, что сертификат выдан именно этому сайту, а не мошенническому, и что срок его действия не истек.

4. **Не вводите данные карты на подозрительных страницах**:
   - Если сайт предлагает ввести код с обратной стороны карты или код из СМС, но не перенаправляет вас на страницу платежной системы (например, Visa, Mastercard), это признак мошенничества.
   - Оплачивайте только через официальные платежные системы или проверенные сайты.

5. **Используйте закладки и вводите адреса вручную**:
   - Сохраняйте адреса часто используемых сайтов в закладках, чтобы не попасть на фишинговый ресурс из-за опечатки.
   - Избегайте перехода по ссылкам из подозрительных писем или сообщений.

6. **Проверяйте отзывы и репутацию сайта**:
   - Перед оплатой поищите отзывы о сайте в интернете, особенно если он вам незнаком.

Следуя этим правилам, вы сможете минимизировать риски попадания на фишинговые сайты и защитить свои финансовые данные."
457,"Как оспорить кредит, оформленный мошенниками на мое имя?","Чтобы оспорить кредит, оформленный мошенниками на ваше имя, следуйте этим шагам:

1. **Напишите заявление кредитору**
   Обратитесь в банк, МФО или КПК, где был оформлен кредит, и напишите заявление, что вы договор не заключали и денег не получали. Укажите, что подпись в договоре поддельная или идентификация проходила не вами. Если паспорт был украден, приложите копию справки из полиции. Требуйте провести внутреннее расследование и прекратить требовать долг.

2. **Подайте заявление в полицию**
   Оформите заявление о мошенничестве, приложив копии документов от кредитора и справку об утере паспорта (если он был украден). Это поможет полиции вычислить злоумышленников.

3. **Попросите у кредитора копии документов**
   Запросите заверенные копии договора, паспорта и других удостоверений личности, а также реквизиты счета, на который перевели деньги. Если документы не ваши, это подтвердит вашу непричастность. Если фотографии подделаны, потребуйте техническую экспертизу.

4. **Обратитесь в Банк России**
   Если кредитор отказывается списывать долг, пожаловаться в интернет-приемную Банка России. Приложите ответ кредитора к своему обращению. Регулятор запросит у компании отчет, но списать долг может только суд.

5. **Подайте иск в суд**
   Если кредитор не признает вашу непричастность, соберите все документы и подавайте иск. Суд может назначить графологическую или техническую экспертизу для проверки подписи или фотографий.

6. **Исправьте кредитную историю**
   Напишите заявление в банк или МФО с требованием исправить ошибку. Кредитор обязан проверить информацию и передать корректные данные в бюро кредитных историй (БКИ) в течение 10 рабочих дней. Вы также можете обратиться напрямую в БКИ для исправления данных.

7. **Установите самозапрет на кредиты**
   Чтобы предотвратить новые мошеннические действия, установите самозапрет на оформление займов через личный кабинет банка или МФО.

Следуя этим шагам, вы сможете оспорить незаконный долг и защитить свою кредитную историю."
458,Почему при санкциях против брокера с депозитарной лицензией замораживаются иностранные активы клиентов?,"Иностранные активы клиентов замораживаются при санкциях против брокера с депозитарной лицензией по следующим причинам:

1. **Блокировка транзакций**: Санкции запрещают брокерам проводить операции с иностранными активами, включая покупку, продажу и перевод ценных бумаг. Это означает, что клиенты не могут вывести или продать свои зарубежные активы через обычные каналы.

2. **Ограничения на валютные операции**: Санкции блокируют долларовые и евро-счета брокеров, а также запрещают расчеты с американскими и европейскими компаниями. Это делает невозможным проведение сделок с иностранными ценными бумагами.

3. **Заморозка в депозитариях**: Иностранные активы хранятся в зарубежных депозитариях, доступ к которым ограничен из-за санкций. Клиенты не могут получить дивиденды, купоны или продать бумаги, так как брокер не может провести соответствующие операции.

4. **Ограниченные возможности продажи**: Единственный способ избавиться от замороженных активов — продать их самому брокеру, управляющему или другому клиенту этого же посредника. Однако спрос на такие сделки может быть низким.

Таким образом, санкции приводят к полной блокировке иностранных активов клиентов, пока не будет восстановлена связь между российскими и зарубежными депозитариями."
459,"Как действовать, если сомневаетесь в легальности финансовой организации?","Если вы сомневаетесь в легальности финансовой организации, следуйте этим шагам:

1. **Проверьте реестры Банка России**
   Убедитесь, что компания входит в реестр финансовых организаций на сайте Банка России. Если ее там нет, она работает нелегально. Некоторые виды кооперативов и нефинансовые компании могут не состоять в реестрах, но это повышает риски.

2. **Изучите список сомнительных организаций**
   На сайте Банка России публикуется перечень компаний с признаками пирамид и мошенничества. Проверьте, не числится ли там интересующая вас организация.

3. **Проверьте документы и лицензии**
   Запросите у компании копии лицензий, договоров и других документов. Если она отказывается их предоставить, это тревожный знак.

4. **Ищите отзывы и жалобы**
   Посмотрите отзывы на форумах, в соцсетях и на специализированных сайтах. Жалобы или отсутствие информации могут указывать на недобросовестность.

5. **Остерегайтесь подозрительных обещаний**
   Если компания гарантирует высокие доходы без рисков, требует внести деньги сразу или предлагает привлекать друзей за бонусы, это признаки пирамиды.

6. **Проверьте сайт**
   Убедитесь, что сайт компании промаркирован в поисковых системах (например, синий кружочек с галочкой в Яндексе или Mail.ru). Если маркировки нет, сайт может быть нелегальным.

Если после проверки сомнения остаются, лучше отказаться от сотрудничества. Если уже вложились и столкнулись с мошенничеством, обратитесь в полицию и прокуратуру."
460,Закроет ли банк карту или счет автоматически после полного погашения кредита?,"Нет, банк не закроет карту или счет автоматически после полного погашения кредита. Как правило, для расчетов по кредиту банк открывает отдельный счет, и он не обязан закрывать его после погашения долга. Часто к такому счету привязывают дебетовую карту, которую можно использовать и дальше, например, для безопасных интернет-платежей.

Если карта или счет больше не нужны, их можно закрыть самостоятельно, подав заявление в банк. Однако важно уточнить условия обслуживания после погашения кредита, так как комиссии могут начать взиматься. Также стоит убедиться, что на счете нет остатка или задолженности, иначе его не закроют."
461,Как узнать обо всех оформленных на вас кредитах?,"Чтобы узнать обо всех оформленных на вас кредитах, выполните следующие шаги:

1. **Найдите бюро кредитных историй (БКИ)**, где хранится ваша кредитная история. Это можно сделать через:
   - **Портал «Госуслуги»** (раздел «Налоги и финансы» → «Сведения о бюро кредитных историй»).
   - **Сайт Банка России** (с помощью кода субъекта кредитной истории, который можно найти в кредитном договоре или запросить заново).

2. **Запросите кредитную историю** в каждом из указанных БКИ. По закону вы имеете право на два бесплатных запроса в год. Это можно сделать:
   - Через сайт бюро.
   - Через личный кабинет на «Госуслугах».

3. **Проверьте информацию** в кредитной истории. Она содержит данные обо всех кредитах и займах, включая сумму долга, проценты, штрафы, даты оформления и просрочки.

Если бюро, где хранилась ваша история, закрылось, данные будут переданы в другое БКИ. В этом случае информация может быть недоступна в течение месяца, а полная проверка возможна через полгода-год.

Для уточнения деталей можно обратиться в банки или МФО, где вы брали кредиты."
462,Как соотносится автоматическое начисление налога на АУСН с порядком списания долгов со счетов ИП?,"На АУСН налог автоматически рассчитывается и начисляется ФНС на основе данных из банковского счета, онлайн-касс и личного кабинета налогоплательщика. При этом предпринимателю не нужно сдавать декларации или вести учет доходов и расходов.

Если у ИП есть долги по налогам, налоговая инспекция может приостановить операции по бизнес-счетам, но только после предварительного уведомления. Для разблокировки счета необходимо устранить нарушения (например, заплатить налоги) и подать подтверждающие документы в ФНС.

Таким образом, автоматическое начисление налога на АУСН не влияет на порядок списания долгов: если долги есть, налоговая может заблокировать счет, но только после официального уведомления."
463,"Какие принципы финансовой дисциплины помогают избежать перерасхода, долгов?","Чтобы избежать перерасхода и долгов, важно придерживаться следующих принципов финансовой дисциплины:

1. **Вести учет доходов и расходов** – фиксировать все траты и доходы, чтобы контролировать финансовое положение.
2. **Соблюдать бюджет** – укладываться в установленные лимиты по каждой статье расходов и корректировать план при необходимости.
3. **Избегать импульсивных покупок** – перед покупкой задавать себе вопросы: «Нужна ли мне эта вещь прямо сейчас?» и «Сколько она прослужит?».
4. **Не брать кредиты без необходимости** – оформлять займы только на важные вещи, которые нельзя отложить, и тщательно оценивать возможность их погашения.
5. **Создавать финансовую подушку безопасности** – откладывать часть дохода на непредвиденные расходы, чтобы не попадать в долговую ловушку.
6. **Распределять средства сразу после получения дохода** – откладывать деньги на сбережения и обязательные платежи до того, как они будут потрачены на лишние вещи.
7. **Избегать долговой нагрузки** – не набирать кредиты, если нет уверенности в их возврате, и при необходимости договариваться с кредиторами о реструктуризации.
8. **Использовать финансовые инструменты для сбережений** – выбирать вклады или инвестиции, которые помогут сохранить и приумножить деньги.

Соблюдение этих принципов поможет избежать перерасхода, накопления долгов и сохранить финансовую стабильность."
464,Какие признаки выдают телефонную мошенническую атаку?,"Телефонные мошеннические атаки можно выявить по нескольким характерным признакам:

1. **Инициатива контакта** – вам звонит незнакомец, представляясь сотрудником банка, полиции, налоговой или другой организации. Если контакт начался с их стороны, это повод насторожиться.

2. **Срочность и давление** – мошенники торопят, требуют немедленных действий (перевода денег, оплаты услуг, сообщения паролей) и запугивают последствиями. Например, говорят, что ваши деньги в опасности и их нужно срочно перевести на «безопасный счет».

3. **Финансовая тематика** – основная цель мошенников – получить доступ к вашим деньгам. Они предлагают перевести средства, оплатить «страховку», «налог» или «госпошлину» для получения компенсации.

4. **Запрос личных данных** – если «сотрудник банка» просит назвать коды, пароли или одноразовые СМС-пароли, это верный признак мошенничества.

5. **Подмена номеров и документов** – мошенники могут подделывать номера телефонов, создавая видимость звонка от банка или госоргана. Также они рассылают фальшивые документы (квитанции, уведомления) с требованием оплаты.

6. **Необычное время звонков** – часто мошенники звонят поздно вечером, ночью или в выходные, когда человек менее бдителен.

Если вы заметили хотя бы один из этих признаков, не спешите выполнять требования звонящего. Лучше положить трубку и самостоятельно связаться с организацией по официальным каналам (например, по номеру на обратной стороне карты или на сайте банка)."
465,Какие инструменты помогают сократить расходы на праздники?,"Вот несколько инструментов и способов, которые помогут сократить расходы на праздники:

1. **Финансовые приложения** – они позволяют планировать бюджет, устанавливать лимиты на статьи расходов и отслеживать тратy. Это поможет контролировать расходы на подарки, угощения и другие праздничные траты.

2. **Сравнение цен** – перед покупкой стоит проверить стоимость товаров в разных магазинах, включая интернет-магазины. Это поможет найти лучшие предложения и избежать переплаты.

3. **Планирование расходов** – составьте список необходимых трат, определите сумму, которую готовы потратить, и разделите её на дни до следующей зарплаты. Это поможет придерживаться лимита.

4. **Совместное празднование** – договоритесь с друзьями или родственниками о совместном застолье, где каждый принесёт своё угощение. Это сэкономит деньги на ресторанах и кафе.

5. **Тайный Санта** – вместо подарков для всех участников можно разыграть лотерею, где каждый подготовит один презент. Это снизит расходы, но сохранит праздничное настроение.

6. **Самодельные подарки и упаковка** – вместо дорогих сувениров можно сделать открытки, испечь угощения или самостоятельно упаковать подарки, используя креативные идеи.

7. **Отказ от ненужных покупок** – не поддавайтесь на праздничные акции и не покупайте безделушки, которые быстро забудутся.

Следуя этим советам, можно сделать праздники более бюджетными, но не менее радостными."
466,"Какой реестр проверяют по МФО, а какой по коллекторскому агентству?","Для проверки микрофинансовых организаций (МФО) и коллекторских агентств используются разные реестры:

1. **Для МФО**:
   - **Государственный реестр МФО** (проверяется на сайте Банка России).
   - **Реестры саморегулируемых организаций (СРО)**:
     - Союз «Микрофинансовый альянс».
     - СРО «МиР».

2. **Для коллекторских агентств**:
   - **Реестр Федеральной службы судебных приставов (ФССП)**.

Если организация не найдена в соответствующем реестре, это повод насторожиться и отказаться от сотрудничества."
467,Как совмещать накопления на долгосрочные цели с контролем повседневных трат?,"Чтобы успешно совмещать накопления на долгосрочные цели с контролем повседневных трат, следуйте этим рекомендациям:

1. **Разделите доход на части сразу после получения**
   Сразу после зарплаты или другого дохода распределяйте средства на расходы, накопления и инвестиции. Это поможет избежать соблазна потратить все деньги.

2. **Автоматизируйте накопления**
   Настройте автоперевод части дохода на сберегательный счет или вклад. Это снизит риск неосознанных трат.

3. **Планируйте бюджет и фиксируйте расходы**
   Четко распределяйте средства по статьям расходов (еда, транспорт, ЖКХ и т. д.) и строго придерживайтесь лимитов. Используйте приложения для учета финансов.

4. **Оптимизируйте расходы**
   Анализируйте, на что уходят деньги, и сокращайте ненужные траты. Это может быть подписками, развлечениями или импульсными покупками.

5. **Учитывайте инфляцию и выбирайте подходящие инструменты**
   Для долгосрочных накоплений выбирайте финансовые продукты, которые могут обогнать инфляцию (например, вклады с капитализацией, облигации или инвестиционные счета).

6. **Разбивайте крупные цели на этапы**
   Если цель масштабная (например, накопление на квартиру), разделите ее на более мелкие части и откладывайте регулярно.

7. **Будьте гибкими, но дисциплинированными**
   Если бюджет не выдерживает запланированных сбережений, скорректируйте срок или сумму накоплений. Однако не отказывайтесь от цели полностью.

8. **Избегайте «подматрасных» накоплений**
   Деньги должны работать, поэтому храните их в банке или других надежных инструментах.

Следуя этим правилам, вы сможете сохранять баланс между текущими расходами и долгосрочными накоплениями."
468,Как защищены деньги на аккредитиве по сравнению со счетом эскроу при сделке в ипотеке?,"При сделке в ипотеке деньги на аккредитиве и счете эскроу защищены по-разному:

1. **Аккредитив**:
   - **Не застрахованы государством**. Если банк, открывший аккредитив, лишится лицензии, вернуть средства можно только через длительную процедуру банкротства. В этом случае покупатель рискует остаться без жилья, денег и с долгом по ипотеке.
   - **Более формализованный процесс**. Банк не проверяет подлинность документов, что может привести к мошенничеству, если продавец предоставит поддельные документы.

2. **Счет эскроу**:
   - **Защищены государственной системой страхования вкладов** на сумму до 10 млн рублей. В случае проблем с банком деньги можно вернуть в течение нескольких недель.
   - **Более гибкий и безопасный**. Подходит для сложных сделок, включая ипотеку, особенно если банк предоставляет бесплатное обслуживание счета при оформлении кредита.

Таким образом, счет эскроу обеспечивает более надежную защиту средств, чем аккредитив, особенно в случае банкротства банка."
469,Как снизить риск личных выплат при суброгации после ДТП?,"Чтобы снизить риск личных выплат при суброгации после ДТП, можно воспользоваться следующими мерами:

1. **Застрахуйтесь по ДСАГО** – добровольный полис автогражданской ответственности защитит вас от исков по суброгации. В отличие от ОСАГО, ДСАГО позволяет выбрать более высокий лимит возмещения (до 30 млн рублей), что снижает риск дополнительных расходов.

2. **Правильно оформите ДТП** – если авария произошла без пострадавших и с участием двух машин, оформите европротокол. Это ускорит процесс и снизит вероятность споров со страховой компанией.

3. **Соберите доказательства** – если есть свидетели, попросите их дать письменные показания и оставить контакты. Фотографии и показания помогут в случае споров о сумме компенсации.

4. **Убедитесь в законности передачи управления** – если вы передаете автомобиль другому лицу, убедитесь, что он вписан в полис ОСАГО. В противном случае страховщик может предъявить регрессный иск вам.

5. **Используйте каско** – если у вас есть полис каско, страховая компания сама будет взыскивать ущерб с виновника, а вам не придется заниматься этим самостоятельно.

6. **Соблюдайте сроки** – страховщик имеет право на суброгацию в течение трех лет с момента выплаты пострадавшему. Если иск подан позже, можно оспорить его в суде.

Следуя этим рекомендациям, вы минимизируете риски личных выплат при суброгации."
470,Доступна ли одновременная льгота на взносах вместе с льготой на доход по ИИС разных типов?,"До 2024 года одновременная льгота на взносы и доход по ИИС разных типов была недоступна. Инвесторы должны были выбирать между:

- **ИИС-1** (вычет на взносы) — возможность вернуть часть уплаченного НДФЛ с внесенных на счет средств, но только при наличии официального дохода.
- **ИИС-2** (вычет на доход) — освобождение от НДФЛ с прибыли по операциям на счете, без требования к официальному доходу.

С 2024 года появился **ИИС-3**, который позволяет получать **обе льготы одновременно**: и вычет на взносы, и вычет на доход. Однако для этого нужно соблюдать условия, такие как срок владения счетом (не менее 3 лет для вычета на доход) и ограничения по количеству счетов (не более трех ИИС-3 и трех ПДС).

Таким образом, одновременная льгота на взносы и доход возможна только для **ИИС-3**, а не для разных типов счетов."
471,Кто вправе запрашивать информацию о ценных бумагах умершего?,"Информацию о ценных бумагах умершего вправе запрашивать только нотариус, ведущий наследственное дело, или человек, указанный в завещательном распоряжении. Самостоятельно разыскивать такие данные нельзя, так как это банковская тайна, и финансовые организации не вправе раскрывать их всем желающим.

Нотариус может направлять запросы в депозитарии, регистраторы, брокерские компании и другие финансовые организации для поиска активов наследодателя. Однако за каждый запрос взимается плата, поэтому важно заранее понимать, какие именно активы вы ищете.

Если у вас есть документы, подтверждающие владение ценными бумагами (договоры, выписки, отчеты), их стоит предоставить нотариусу для ускорения поиска."
472,Как отменить навязанную допуслугу к онлайн‑займу под 0%?,"Чтобы отменить навязанную допуслугу к онлайн-займу под 0%, действуйте следующим образом:

1. **Период охлаждения**
   У вас есть **30 дней** с момента оформления займа, чтобы отказаться от ненужных услуг. В течение этого срока вы можете вернуть деньги за допуслуги.

2. **Как подать заявление**
   - Напишите заявление об отказе в свободной форме.
   - Отправьте его поставщику услуги (например, страховой компании, юрфирме или другой организации, предоставляющей услугу).
   - Обычно это можно сделать через сайт, мобильное приложение или электронную почту (способы связи должны быть указаны в договоре).

3. **Приложите документы**
   К заявлению прикрепите:
   - Копию паспорта.
   - Копию договора на услугу.
   - Копии документов об оплате.
   - Банковские реквизиты для возврата денег.

4. **Сроки возврата**
   - Поставщик услуги должен вернуть деньги в течение **7 рабочих дней**.
   - Если деньги не вернули, обратитесь в банк или МФО, через которые был оформлен заем.
   - Если и банк не реагирует, подавайте жалобу в **финансовый омбудсмен** (он рассматривает заявления бесплатно и быстро).

5. **Особенности**
   - Если у вас **коллективный договор** (без персонального соглашения), обращайтесь сразу к кредитору.
   - Не получится вернуть деньги за **разовые услуги**, оказанные в день подписания договора (например, юридическую консультацию).

Если в договоре нет информации о влиянии допуслуги на ставку, значит, она не меняется. В противном случае банк должен указать, как изменится процент при отказе.

Если у вас остались вопросы, уточните детали в договоре или обратитесь в поддержку МФО."
473,Как избежать ущерба кредитной истории при риске просрочки по краткосрочному займу?,"Чтобы избежать ущерба кредитной истории при риске просрочки по краткосрочному займу, следуйте этим рекомендациям:

1. **Заранее свяжитесь с МФО** – если вы понимаете, что не успеваете вернуть долг вовремя, обратитесь в микрофинансовую организацию и попросите увеличить срок займа (пролонгацию). Это позволит избежать просрочки, хотя итоговая сумма долга вырастет из-за начисленных процентов.

2. **Используйте напоминания** – установите уведомления в телефоне о дате платежа, чтобы не забыть о необходимости внесения средств. Некоторые МФО сами напоминают о приближении срока, но за это могут взимать комиссию.

3. **Рассмотрите реструктуризацию или рефинансирование** – если у вас есть другие долги, можно попробовать реструктуризировать их или рефинансировать под более выгодные условия.

4. **Проверяйте кредитную историю** – после погашения займа убедитесь, что информация о долге отражена корректно. Ошибки в кредитной истории могут негативно повлиять на ваш скоринговый балл.

5. **Избегайте систематических просрочек** – даже одна просрочка может испортить кредитную историю, что усложнит получение новых займов или кредитов в будущем.

Если вы уже допустили просрочку, как можно быстрее погасите долг и обратитесь в банк или МФО для исправления ошибок в кредитной истории, если они есть."
474,"Кто контролирует работу брокеров, депозитариев и управляющих ПИФов?","Работу брокеров, депозитариев и управляющих компаний паевых инвестиционных фондов (ПИФов) контролирует **Банк России**. Он выдает им лицензии, следит за соблюдением нормативов и защищает права инвесторов.

Если вы обнаружите нарушения со стороны финансовой организации, можно подать жалобу в Банк России. Также регулятор публикует реестры легальных компаний и списки сомнительных организаций, чтобы инвесторы могли избежать мошеннических схем."
475,Как сочетать УСН с патентом при тестировании нового направления с учетом личного риска ИП?,"Согласно контексту, **УСН и патент можно применять одновременно, но по разным видам бизнеса**.

**Пример из контекста:**
Если у вас уже есть ресторан на УСН, а вы хотите протестировать новое направление (например, выездное обслуживание праздников), можно оформить отдельный патент именно на это направление. Это позволит оценить его выгодность без риска для основного бизнеса.

**Важные нюансы:**
1. **Разные виды деятельности** – патент действует только на один вид бизнеса, поэтому его можно использовать параллельно с УСН, но для другого направления.
2. **Лимиты по доходу** – общий годовой доход по всем видам деятельности (включая УСН и патент) не должен превышать 60 млн рублей.
3. **Страховые взносы** – на патентном режиме, как и на УСН, можно уменьшить налог на сумму страховых взносов.

**Альтернатива:**
Если вы только тестируете новое направление, можно купить патент на короткий срок (от 1 до 12 месяцев), чтобы минимизировать риски.

Если у вас есть дополнительные вопросы по налоговым режимам, уточните их!"
476,Какой способ контроля поможет вовремя заметить мошеннические списания по карте?,"Чтобы вовремя заметить мошеннические списания по карте, рекомендуется подключить **СМС-оповещения** или **push-уведомления** от банка. Эти услуги позволяют оперативно получать информацию о всех операциях по карте, включая покупки, снятие наличных и другие транзакции.

**Почему это важно?**
- Вы сразу увидите любые подозрительные списания, которые не совершали.
- Сможете быстро связаться с банком и заблокировать карту, если заметите мошенническую активность.
- Некоторые банки взимают плату за СМС-информирование, но это небольшая цена за безопасность.

**Дополнительные меры:**
- Внимательно проверяйте все уведомления. Если пришло сообщение о незнакомой операции, сразу звоните в банк по официальному номеру (указан на обратной стороне карты).
- Не реагируйте на подозрительные звонки или сообщения, якобы от банка, с просьбой перезвонить или перейти по ссылке — это может быть фишинг.

Таким образом, **СМС- и push-уведомления** — это самый надежный способ контроля, который помогает предотвратить финансовые потери."
477,В каких ситуациях возможно упрощенное внесудебное банкротство должника?,"Внесудебное банкротство возможно в следующих ситуациях:

1. **Если сумма долга от 25 000 до 1 000 000 рублей** (без учета штрафов, пеней и процентов за просрочку) и:
   - Судебные приставы уже пытались взыскать долг, но не нашли имущества или денег для погашения, и исполнительное производство завершилось.
   - Кредиторы передали исполнительный лист приставам, банку, работодателю или СФР более семи лет назад, но долг не погашен.
   - Долг взыскивается больше года, а основной доход — пенсия или пособие по уходу за ребенком, при этом имущества для взыскания нет.

2. **Если хотя бы один кредитор уже обращался в суд, получил исполнительный документ и передал его приставам, банку, работодателю или СФР, но взыскать долг не удалось.**

3. **Если взыскание длится уже семь лет, а долг все еще не погашен.**

4. **Если списание средств идет больше года, и основной источник дохода — пенсия или пособие, а имущества для взыскания нет.**

В таких случаях можно подать заявление в МФЦ, и процедура банкротства пройдет без суда."
478,Как проверить легальность ломбарда либо брокера?,"Чтобы проверить легальность ломбарда или брокера, следуйте этим шагам:

1. **Проверьте наличие в реестре Банка России**
   - Для ломбарда: найдите его в реестре Банка России. Если организации нет в списке, она работает нелегально.
   - Для брокера: убедитесь, что у него есть лицензия профессионального участника рынка ценных бумаг. Проверьте, совпадает ли название компании в реестре с тем, что указано в договоре.

2. **Сверьте данные**
   - Убедитесь, что название, контактная информация, официальный сайт и юридический адрес ломбарда или брокера совпадают с данными в реестре.

3. **Изучите списки сомнительных организаций**
   - Банк России публикует информацию о компаниях с признаками мошенничества. Проверьте, нет ли выбранной организации в этом списке.

4. **Проверьте маркировку в поисковых системах**
   - Легальные ломбарды и брокеры могут быть отмечены синим кружком с галочкой и надписью «ЦБ РФ» в поисковой выдаче «Яндекса».

Если организация не найдена в реестре или есть сомнения в ее легальности, лучше отказаться от сотрудничества."
479,Как соотносится переплата по займам под 0% при просрочке с законным лимитом по краткосрочным кредитам?,"При просрочке займа с нулевой ставкой переплата может существенно превышать законные лимиты по краткосрочным кредитам.

1. **По займам с нулевой ставкой**:
   - Если заемщик задерживает платеж, МФО может начислить проценты **за весь срок займа** (например, 0,8% в день, что эквивалентно 292% годовых).
   - При этом неустойка за просрочку может достигать **0,1% в день** от непогашенной суммы.
   - Например, при займе в 20 000 ₽ на 10 дней при просрочке на 2 дня переплата составила **1 960 ₽** (включая проценты и неустойку).

2. **Законные лимиты по краткосрочным займам**:
   - Для займов до года общая переплата (проценты + неустойка + дополнительные платежи) **не может превышать 1,3 раза от суммы займа**.
   - Для займов до 10 000 ₽ на срок до 15 дней максимальная переплата ограничена **1 500 ₽ (15%)**.
   - Неустойка за просрочку также ограничена **0,1% в день** от непогашенной суммы, а если начисляются проценты — не более **20% годовых**.

**Вывод**:
Переплата по займу с нулевой ставкой при просрочке может быть выше законных лимитов, так как проценты начисляются **за весь срок займа**, а не только за период просрочки. Однако общая сумма долга не может превышать **1,3 раза от суммы займа** (если это краткосрочный кредит)."
480,"Как поступить, если пришло сообщение об ошибочном переводе с просьбой вернуть деньги?","Если вам пришло сообщение об ошибочном переводе с просьбой вернуть деньги, важно действовать осторожно, чтобы не стать жертвой мошенников. Вот что нужно сделать:

1. **Проверьте баланс счета**
   Убедитесь, что деньги действительно поступили на ваш счет. Для этого используйте онлайн-банк или мобильное приложение банка.

2. **Уточните источник перевода**
   Изучите историю операций. Если отправитель вам знаком, свяжитесь с ним и уточните, за что пришли деньги. Возможно, это не ошибка, а оплата долга, возврат средств или перерасчет.

3. **Не спешите переводить деньги обратно**
   Если перевод действительно ошибочный, не переводите деньги по указанным в сообщении реквизитам. Мошенники часто используют такие схемы.

4. **Свяжитесь с банком**
   Если вы уверены, что перевод ошибочный, обратитесь в банк. В некоторых случаях можно вернуть деньги отправителю через банковское приложение или по заявлению.

5. **Если отправитель неизвестен**
   Попробуйте связаться с получателем (если это организация) или обратитесь в банк за помощью. В крайнем случае можно подать заявление в суд.

Если сомневаетесь, лучше проконсультироваться с банком или регулятором, чтобы не потерять свои деньги."
481,Как безопасно оформить ОСАГО онлайн через финансовую платформу?,"Чтобы безопасно оформить ОСАГО онлайн через финансовую платформу, следуйте этим рекомендациям:

1. **Выберите проверенную платформу**
   - Используйте только официальные финансовые маркетплейсы, зарегистрированные в реестре Банка России. Проверьте адрес сайта в справочнике регулятора.
   - Убедитесь, что платформа помечена галочкой в поисковиках «Яндекс» или Mail.ru, что подтверждает её легальность.

2. **Проверьте страховую компанию**
   - Убедитесь, что страховая компания, предлагающая полис, имеет лицензию на ОСАГО. Список лицензированных компаний можно найти на сайте Российского союза автостраховщиков (РСА).
   - Посмотрите рейтинг жалоб на страховщиков, чтобы избежать проблем с выплатами.

3. **Используйте цифровой профиль**
   - Авторизуйтесь через «Госуслуги» для быстрого заполнения данных. Это ускорит процесс и снизит риск ошибок.
   - Установите приложение «Госключ» для электронной подписи документов, если требуется.

4. **Будьте внимательны при оформлении**
   - Проверьте все данные, автоматически подтянутые из вашего профиля, перед подтверждением заявки.
   - Убедитесь, что вы действительно заключаете договор с выбранной страховой компанией, а не с посредником.

5. **Избегайте мошенников**
   - Не переходите по подозрительным ссылкам из рекламы или сообщений. Всегда вручную вводите адрес сайта.
   - Если сомневаетесь в посреднике, проверьте его через реестр агентов на сайте страховой компании или по горячей линии.

Следуя этим шагам, вы минимизируете риски и сможете безопасно оформить ОСАГО онлайн."
482,Нужно ли банку считать ПДН при оформлении кредитных каникул для мобилизованного?,"Нет, при оформлении кредитных каникул для мобилизованных заемщиков банку не нужно считать ПДН (потребительский долговой нагрузки). Это связано с тем, что кредитные каникулы для участников СВО и их семей являются льготной мерой, и в таких случаях ПДН не влияет на одобрение заявки.

Кредитные каникулы предоставляются автоматически (но требуют подачи заявления), и их срок составляет весь период мобилизации, службы по контракту или участия в СВО плюс 180 дней. В этот период не начисляются штрафы и пени, а график платежей сдвигается без увеличения переплаты."
483,Какие онлайн‑сервисы МСП помогут на старте: где сделать бизнес‑план и где подать заявку на льготную поддержку?,"Для старта бизнеса и получения льготной поддержки можно воспользоваться следующими онлайн-сервисами МСП:

1. **Создание бизнес-плана**
   - На **Цифровой платформе МСП.РФ** можно автоматически составить бизнес-план, особенно если вы открываете типовой офлайн-бизнес или бизнес по франшизе. Сервис поможет детально просчитать проект и подготовить документ для инвесторов или банков.

2. **Подача заявки на льготную поддержку**
   - На сайте **Корпорации МСП** можно подать заявку на льготный кредит, заем, подобрать помещение с невысокой арендной платой или воспользоваться другими мерами поддержки.
   - Также на **портале «Мой бизнес»** можно найти актуальные программы поддержки в вашем регионе, включая гранты, субсидии и льготное кредитование.

3. **Дополнительные ресурсы**
   - **МСП.РФ** предоставляет бесплатные курсы, видеолекции и консультации по запуску бизнеса, а также возможность подобрать персонального наставника.
   - Для самозанятых и предпринимателей доступна льготная аренда помещений в бизнес-инкубаторах и коворкингах.

Если вам нужна помощь с регистрацией бизнеса, налогообложением или кредитованием, можно обратиться в **государственные центры «Мой бизнес»**, где проводятся бесплатные консультации."
484,Как изменился размер соцвычета на спорт в 2024 по сравнению с 2022?,"В 2024 году размер социального налогового вычета на спорт остался прежним по сравнению с 2022 годом. Максимальная сумма расходов, с которой можно получить вычет, составляет 120 000 рублей в год, а максимальная сумма возврата — 15 600 рублей (13% от 120 000 рублей).

Однако с 2024 года общий лимит социального вычета (включая расходы на обучение, лечение и спорт) увеличился до 150 000 рублей, но это не касается отдельно вычета на спорт. Таким образом, по вычету на спорт изменения не вступили, и его размер остался на уровне 2022 года."
485,"Что стоит сделать перед оформлением ипотеки, чтобы учесть обязательные расходы по кредиту?","Перед оформлением ипотеки важно учесть несколько обязательных расходов, чтобы избежать финансовых сюрпризов. Вот что стоит сделать:

1. **Оцените дополнительные расходы**:
   - **Страхование имущества** – обязательно, так как жилье находится в залоге у банка.
   - **Государственная пошлина** – за регистрацию права собственности и ипотеки в Росреестре.
   - **Оценка недвижимости** – оплата услуг оценщика (за исключением строящегося жилья).
   - **Страхование жизни** – не всегда обязательно, но может снизить процентную ставку.

2. **Проверьте свои финансовые возможности**:
   - Убедитесь, что ежемесячные платежи не превышают 50% вашего дохода, иначе риск просрочки возрастает.
   - Используйте **кредитный калькулятор**, чтобы рассчитать примерные платежи и общую переплату.
   - Сравните ставки по ипотеке на финансовых маркетплейсах, чтобы выбрать выгодное предложение.

3. **Создайте финансовую подушку безопасности**:
   - Накопьте резерв в размере 3–6 месячных доходов, чтобы пережить возможные финансовые трудности.

4. **Учтите возможные досрочные погашения**:
   - Если планируете вносить дополнительные платежи (например, после налоговых вычетов или продажи другого имущества), заранее включите их в график. Это поможет сократить срок кредита и переплату.

5. **Проверьте условия сделки**:
   - Уточните, какие документы и услуги потребуются (например, оценка, страховка) и сколько они будут стоить.
   - Если оформляете ипотеку у застройщика, сравните условия с обычной рыночной ипотекой, чтобы избежать переплаты.

Эти шаги помогут вам избежать лишних расходов и минимизировать риски при оформлении ипотеки."
486,"Где проверять легальность банков, страховщиков, платежных агрегаторов?","Для проверки легальности банков, страховщиков и платежных агрегаторов можно воспользоваться следующими ресурсами:

1. **Банки**
   - Убедитесь, что банк действует легально, проверив его лицензию и официальные контакты на сайте **Банка России**.
   - Все банки, работающие с физическими лицами, должны входить в **систему страхования вкладов** (АСВ). Это гарантирует возврат средств до 1,4 млн рублей при отзыве лицензии.

2. **Страховщики и страховые брокеры**
   - Проверьте, есть ли страховой брокер в **реестре Банка России** (он контролирует их деятельность).
   - Убедитесь, что страховая компания, с которой работает брокер, имеет **лицензию Банка России**.
   - Страховые агенты должны быть указаны в списке посредников на сайте страховой компании.

3. **Платежные агрегаторы**
   - Убедитесь, что у агрегатора есть **лицензия небанковской кредитной организации** или **договор платежного агента с лицензированным банком**.

4. **Дополнительные проверки**
   - Посмотрите, не попала ли организация в **список сомнительных компаний** на сайте Банка России (например, признаки финансовых пирамид).
   - Для финансовых организаций можно проверить их наличие в **реестрах Банка России** (брокеры, инвестиционные платформы, микрофинансовые организации и др.).

Если организация отсутствует в реестрах или попадает в черные списки, это признак нелегальной деятельности."
487,Чем отличается вклад от инвестиций по защите средств?,"Вклады и инвестиции отличаются по уровню защиты средств:

1. **Банковские вклады** застрахованы государством. В случае банкротства банка клиенты могут рассчитывать на возврат средств в рамках системы страхования вкладов (до 1,4 млн рублей на одного вкладчика в одном банке).

2. **Инвестиции** (в ценные бумаги, структурные облигации, векселя, МФК и т. д.) не защищены государством. В случае потери доходности или банкротства эмитента инвестор рискует потерять часть или все вложенные средства.

3. **Страхование вкладов** не распространяется на инвестиционные продукты, даже если они предлагаются банком. Например, вложения в структурные облигации или полисы накопительного страхования жизни (НСЖ/ИСЖ) не подпадают под гарантии АСВ.

4. **Риски инвестиций** выше, чем у вкладов. Доходность может быть не гарантирована, а при досрочном расторжении договора возможны потери.

Таким образом, вклад — это более надежный способ сохранения средств, а инвестиции подходят для тех, кто готов рисковать ради потенциально большей доходности."
488,Нужно ли заемщику менять платежи при санации банка либо при отзыве лицензии?,"Нет, при санации банка или отзыве лицензии заемщику не нужно менять условия платежей. В обоих случаях условия действующих кредитных договоров, включая сроки и процентные ставки, остаются прежними.

**При санации банка:**
- Все условия по кредитам сохраняются, а банк продолжает работать и обслуживать клиентов.
- Для новых договоров и новых клиентов условия могут измениться, но для вас, как действующего заемщика, ничего не меняется.

**При отзыве лицензии:**
- Вы обязаны продолжать выплачивать кредит по прежнему графику, иначе это отразится на кредитной истории.
- Реквизиты для оплаты могут измениться, и их можно уточнить на сайте АСВ или в договоре.
- Если долг передадут другому кредитору, условия (ставка, срок, график) останутся теми же.

В обоих случаях важно продолжать вносить платежи и сохранять все квитанции."
489,Как учитывать инфляцию в семейном финансовом плане?,"Чтобы учитывать инфляцию в семейном финансовом плане, следуйте этим рекомендациям:

1. **Закладывайте инфляцию в план**
   Учитывайте возможные потери бюджета из-за роста цен. Например, если в начале года вы могли купить на зарплату определённое количество товаров, то к концу года их количество может уменьшиться.

2. **Сравнивайте расходы с прошлым годом**
   Вычисляйте индекс роста цен (ИРЦ) по ключевым статьям бюджета, например, продуктам или коммунальным платежам. Для этого:
   - Сложите текущие расходы (Σ ТМ).
   - Сравните их с расходами за тот же месяц прошлого года (Σ ПГ).
   - Рассчитайте ИРЦ: (Σ ТМ ÷ Σ ПГ – 1) × 100%.

3. **Используйте финансовые инструменты, защищённые от инфляции**
   Открывайте депозиты, чтобы сохранить сбережения, или инвестируйте часть средств, чтобы приумножить накопления. Также можно переводить деньги в иностранную валюту, если это соответствует вашей стратегии.

4. **Корректируйте план при изменении дохода**
   Если доход растёт, пересматривайте бюджет, чтобы учитывать инфляцию и новые финансовые цели. Не откладывайте слишком много в ущерб качеству жизни.

5. **Следите за официальными данными**
   Ориентируйтесь на прогнозы Банка России по инфляции. Если она стабильна, можно принимать решения по кредитам или вкладам. Если инфляция снижается, возможно, стоит подождать снижения ставок.

6. **Разбивайте цели на этапы**
   Например, если планируете крупную покупку, разделите её стоимость на годы и откладывайте нужную сумму регулярно.

7. **Распределяйте доход сразу после получения**
   Это поможет избежать импульсных трат и следовать плану.

Таким образом, учитывая инфляцию в семейном бюджете, вы сможете сохранять финансовую стабильность и достигать долгосрочных целей."
490,Почему банковский вклад безопаснее инвестиций в ПИФы?,"Банковский вклад считается более безопасным по сравнению с инвестициями в паевые инвестиционные фонды (ПИФы) по нескольким ключевым причинам:

1. **Государственная страховка вкладов** – деньги на банковских вкладах застрахованы государством через систему страхования вкладов. Это означает, что даже если банк обанкротится, вкладчики получат возмещение в пределах установленного лимита (обычно до 1,4 млн рублей).

2. **Гарантированная доходность** – по вкладам банк гарантирует фиксированный процент, который заранее известен вкладчику. В отличие от ПИФов, где доходность не гарантируется и зависит от рыночных факторов.

3. **Отсутствие риска потери капитала** – вклады не связаны с колебаниями фондового рынка, в отличие от ПИФов, где инвестиции в ценные бумаги могут привести к убыткам.

4. **Простота и прозрачность** – условия вкладов (процентная ставка, срок, капитализация) четко прописаны в договоре, а ПИФы требуют понимания работы фондового рынка и управления активами.

Однако стоит отметить, что доходность по вкладам обычно ниже, чем потенциальная прибыль от инвестиций в ПИФы. Поэтому выбор между ними зависит от уровня риска, который готов принять инвестор."
491,Какие ПИФы подходят для краткосрочной стратегии?,"Для краткосрочной стратегии, когда деньги могут понадобиться в любой момент, подходят **открытые и биржевые ПИФы**. Их паи можно продать в любой момент, так как они торгуются на бирже или выпускают неограниченное количество паев, которые можно приобретать и продавать без ограничений.

**Ключевые особенности таких ПИФов:**
- **Ликвидность**: паи можно быстро продать, так как они свободно торгуются.
- **Доступность**: не требуют прохождения тестирования для неквалифицированных инвесторов.
- **Гибкость**: подходят для стратегий, где срок инвестирования менее года.

Если же вы рассматриваете **закрытые ПИФы (ЗПИФы)**, они обычно создаются на долгий срок (от 3 до 15 лет) и не подходят для краткосрочных вложений, так как их паи можно погасить только по окончании срока работы фонда."
492,В чем различие условий вычетов по ИИС-1/ИИС-2?,"Различия условий налоговых вычетов по ИИС-1 и ИИС-2 заключаются в следующем:

1. **Тип вычета**:
   - **ИИС-1** предоставляет **вычет на взносы** – возможность вернуть часть уплаченного НДФЛ (до 13% или 15% от суммы взносов, но не более 400 000 рублей в год).
   - **ИИС-2** дает **вычет на доход** – освобождение от НДФЛ с прибыли, полученной от инвестиций на счете.

2. **Официальный доход**:
   - Для **ИИС-1** требуется официальный доход, с которого уплачивается НДФЛ, чтобы получить вычет на взносы.
   - Для **ИИС-2** официальный доход не нужен – вычет на доход действует независимо от наличия заработка.

3. **Лимиты**:
   - **ИИС-1** имеет лимит взносов – 400 000 рублей в год. Превышение этой суммы не увеличивает размер вычета.
   - **ИИС-2** не имеет лимита на доход – налог не взимается с любой прибыли, полученной на счете.

4. **Срок владения**:
   - Оба типа счетов требуют сохранения средств **не менее 3 лет**, чтобы сохранить право на налоговые льготы. При досрочном снятии средств вычеты аннулируются, и НДФЛ придется уплатить.

5. **Выбор счета**:
   - До 2024 года можно было открыть только один из двух типов счетов (ИИС-1 или ИИС-2), так как они были несовместимы.
   - С 2024 года доступен только **ИИС-3**, который объединяет оба вычета, но с другими условиями.

Таким образом, основное различие между ИИС-1 и ИИС-2 – это тип налоговой льготы (на взносы или на доход) и требования к официальному доходу."
493,Какие страховки реально обязательны по закону?,"По закону обязательны следующие виды страховок:

1. **Обязательное медицинское страхование (ОМС)** – позволяет бесплатно получать медицинскую помощь в поликлиниках и стационарах. Оплачивается за счет взносов работающего населения.

2. **Государственное пенсионное страхование** – гарантирует доход в старости. Также финансируется за счет взносов работающих граждан.

3. **Страхование автогражданской ответственности (ОСАГО)** – обязательно для всех водителей. В случае ДТП по вашей вине выплаты пострадавшим производит страховая компания, а не сам виновник.

4. **Страхование выезжающих за границу** – обязательно для некоторых категорий граждан, например, при получении разрешения на работу или патента.

5. **«Синяя карта» (ОСАГО за рубежом)** – требуется для водителей, выезжающих за границу.

6. **Страхование профессиональной ответственности** – обязательно для некоторых профессий, например, аудиторов или нотариусов.

7. **Страхование недвижимости при ипотеке** – без него банк может потребовать досрочного возврата кредита.

Если страховая компания отказывается оформлять обязательный полис, можно пожаловаться в Банк России."
494,"Где монеты зачислят без комиссии, а где пополнение обойдется дороже?","Монеты можно зачислить без комиссии в банке на счет или вклад. Банки обязаны принимать монеты любого номинала без комиссии, и если менеджер отказывается, можно пожаловаться в Банк России.

Пополнение через терминалы оплаты сотовой связи также возможно, но комиссия здесь выше — от 8% и выше. Для маленьких сумм может быть фиксированная комиссия, например, 6 рублей при пополнении менее 50 рублей.

Если же вы хотите обменять монеты на купюры в банке, некоторые банки берут комиссию до 3%. Лучше заранее уточнить условия обмена."
495,Как проверить страховую компанию перед покупкой автостраховки?,"Перед покупкой автостраховки важно проверить страховую компанию, чтобы избежать мошенничества и проблем с выплатами. Вот основные шаги:

1. **Проверьте лицензию**
   Убедитесь, что у компании есть действующая лицензия на автострахование. Информацию можно найти в **справочнике Банка России** или на сайте **Российского союза автостраховщиков (РСА)**.

2. **Оцените надежность**
   Проверьте финансовое состояние компании. Банк России рассчитывает показатель **отношения собственного капитала к обязательствам** — чем выше этот показатель, тем устойчивее страховщик. Данные доступны на сайте регулятора.

3. **Изучите репутацию**
   Поищите отзывы о компании в интернете. Если клиенты часто жалуются на отказы в выплатах или сложности с оформлением, лучше выбрать другого страховщика.

4. **Проверьте посредников (если покупаете через них)**
   Если вы обращаетесь к агенту или брокеру, убедитесь, что они **официально сотрудничают** с выбранной страховой компанией. Для этого можно:
   - Проверить реестр агентов на сайте страховщика.
   - Позвонить на горячую лицу компании (номер указан на официальном сайте).

5. **Проверьте сайт (если покупаете онлайн)**
   - Убедитесь, что адрес сайта соответствует официальному (можно проверить в реестре Банка России или на сайте РСА).
   - В поисковиках «Яндекс» и Mail.ru легальные компании помечены специальной галочкой.

6. **Внимательно изучите условия договора**
   Перед подписанием проверьте:
   - Что считается страховым случаем.
   - Какие риски покрывает полис.
   - Какие ситуации исключены из страхового покрытия.
   - Какие документы потребуются при наступлении страхового случая.

Следуя этим шагам, вы снизите риски и сможете выбрать надежного страховщика."
496,В каких случаях банк обязан вернуть клиенту деньги при мошенническом переводе и при несанкционированной операции по карте?,"Банк обязан вернуть клиенту деньги при мошенническом переводе или несанкционированной операции по карте, если выполнены следующие условия:

1. **Своевременное уведомление банка**
   - Вы сообщили банку о краже или подозрительной операции не позднее следующего дня после получения уведомления от банка о транзакции.
   - Если банк не уведомил вас о списании, вы можете потребовать возврат в любое время, даже через год после операции.

2. **Соблюдение правил безопасности**
   - Вы не передавали мошенникам данные карты (ПИН-код, CVV/CVC, коды из СМС), не хранили ПИН-код вместе с картой, не делали фотографий карты и не сообщали реквизиты третьим лицам.

3. **Оформление заявления**
   - Вы написали заявление о несогласии с операцией в банке и сохранили копию с отметкой о приеме.

Если банк докажет, что вы нарушили правила безопасности, он может отказать в возврате средств. В случае международных операций срок рассмотрения заявления увеличивается до 60 дней.

Если банк не вернул деньги в установленный срок или отказывается без оснований, можно обратиться в полицию или Банк России."
497,В каких случаях банк вправе приостанавливать операции бизнеса?,"Банк вправе приостанавливать операции бизнеса в следующих случаях:

1. **Подозрительные операции** – если банк считает платеж или перевод сомнительным (например, крупная сумма, необычный контрагент или отсутствие четкого назначения платежа). В этом случае операция может быть приостановлена на срок до двух дней, а банк свяжется с клиентом для подтверждения.

2. **Рискованные операции** – если компания попадает в зону высокого риска на платформе ЗСК или банк неоднократно замечает подозрительные транзакции, он может остановить операции, заблокировать карты или ограничить доступ к дистанционному банковскому обслуживанию (ДБО).

3. **Нарушение требований 115-ФЗ** – если банк подозревает бизнес в отмывании денег или финансировании терроризма, он обязан приостановить операции. Например, при переводах за рубеж без четкого обоснования.

4. **Неуплата налогов** – по распоряжению налоговой инспекции банк может временно приостановить все операции по счетам, если предприниматель не уплатил налоги или не подал декларацию.

5. **Мошеннические схемы** – если реквизиты получателя попадают в базу подозрительных счетов, банк обязан заблокировать перевод на два дня.

В некоторых случаях банк может полностью отключить ДБО или заблокировать карту, но доступ к счету обычно сохраняется."
498,Чем защита денег на банковских счетах отличается от вложений в НСЖ при проблемах у организации?,"При проблемах у организации защита денег на банковских счетах и вложений в накопительное страхование жизни (НСЖ) имеет ключевые различия:

1. **Государственная страховка**:
   - **Банковские счета и вклады** застрахованы государством. В случае отзыва лицензии у банка клиенты автоматически получают страховое возмещение до 1,4 млн рублей.
   - **НСЖ** не застрахованы государством. Если у страховой компании отзовут лицензию, выплаты могут задержаться (до полугода), и сумма выкупной стоимости может быть ниже вложенных средств.

2. **Гарантии возврата средств**:
   - **Банки** гарантируют возврат вклада (без процентов) в рамках страховки, а также прозрачность доходности.
   - **Страховые компании** не гарантируют доход по НСЖ, и вложенные средства могут не вернуться полностью при банкротстве.

3. **Сроки выплат**:
   - **Банки** обязаны выплатить страховку в установленные законом сроки.
   - **Страховщики** могут затягивать выплаты, и сумма может быть меньше ожидаемой.

Таким образом, банковские вклады обеспечивают более надежную защиту, чем НСЖ, особенно при кризисах у организации."
499,Что проверяют банки по бизнес-плану по сравнению с краудинвестингом?,"Банки и краудинвестинговые платформы проверяют бизнес-планы по-разному.

**Банки** обычно требуют более строгих и детализированных бизнес-планов, так как они выдают кредиты под залог или гарантии. Они тщательно анализируют:
- Финансовую устойчивость компании.
- Кредитную историю.
- Оборот и доходность бизнеса.
- Наличие залогового имущества или поручителей.

**Краудинвестинговые платформы** проверяют бизнес-планы менее строго, но все же требуют:
- Описание бизнес-стратегии.
- Детальный финансовый план, включая прогноз доходов и расходов.
- Данные о движении средств по счету.
- Финансовую отчетность.

Кроме того, для краудинвестинга важно, чтобы бизнес был реальным и имел перспективы для инвесторов. Платформы могут требовать выписку из ЕГРЮЛ/ЕГРИП, банковские выписки и другие документы, подтверждающие легальность и стабильность бизнеса."
500,Чем отличается банковское финансирование с госгарантией от краудлендинга?,"Банковское финансирование с госгарантией и краудлендинг — это два разных способа привлечения денег для бизнеса, которые отличаются по условиям, источникам финансирования и требованиям.

1. **Банковское финансирование с госгарантией**:
   - Предоставляется банками или микрофинансовыми организациями (МФО) при поддержке государства.
   - Обычно доступно для бизнеса, существующего не менее 1–2 лет, с хорошей кредитной историей и стабильными доходами.
   - Государство гарантирует возврат кредита, что снижает риски для банка и может давать более выгодные условия (например, пониженные процентные ставки).
   - Подходит для долгосрочного финансирования, включая развитие бизнеса, закупку оборудования или пополнение оборотных средств.

2. **Краудлендинг**:
   - Это заемные средства, привлекаемые через онлайн-платформы от частных инвесторов или компаний.
   - Не требует долгосрочной кредитной истории или стабильных доходов, но обычно доступен бизнесу, существующему не менее 10–12 месяцев.
   - Процентные ставки выше, чем в банках (в среднем 25% годовых), но процесс оформления быстрее и проще.
   - Подходит для краткосрочного финансирования (несколько месяцев или лет), например, для закрытия кассового разрыва или закупки товаров.

**Ключевые отличия**:
- **Источник финансирования**: банк (с госгарантией) vs. частные инвесторы (краудлендинг).
- **Условия**: более строгие требования к бизнесу в банке, но возможны льготные ставки; краудлендинг доступнее, но проценты выше.
- **Сроки**: банковские кредиты могут быть долгосрочными, краудлендинг — чаще краткосрочным.
- **Скорость оформления**: краудлендинг быстрее (можно получить деньги за несколько дней), банковские кредиты требуют больше времени.

Если в предоставленной базе знаний нет информации по вашему вопросу, пожалуйста, уточните детали."
